Initial file: DFN_init.txt
Updated file: DFN_aperture_delta_corrected.txt

Initial velocity:
  count = 4470
  min = -0.000451216
  max = 0.000757995
  mean = 5.98150434474e-06
  median = 4.14203e-07
  std = 6.5761996867e-05

Updated velocity:
  count = 4394
  min = 2.00634e-10
  max = 0.000881866
  mean = 6.55831558239e-05
  median = 4.57384e-05
  std = 7.73420414531e-05
