Initial file: DFN_init.txt
Updated file: DFN_aperture_delta_corrected.txt

Initial velocity:
  count = 4481
  min = -0.0451216
  max = 0.0757995
  mean = 0.000596682088719
  median = 3.89573e-05
  std = 0.00656818976502

Updated velocity:
  count = 4480
  min = 2.63904e-09
  max = 0.0883568
  mean = 0.00642566987465
  median = 0.004460825
  std = 0.00766990375536
