time,particle_id,x,y,mesh_index,mesh_index_original
50000,0,1.75973e-05,0,5,5
50000,1,-0.000982881,0,4,4
50000,2,-0.000982881,0,4,4
50000,3,-0.000982881,0,4,4
50000,4,-0.000982881,0,4,4
50000,5,-0.000982881,0,4,4
50000,6,-0.000982881,0,4,4
50000,7,-0.000982881,0,4,4
50000,8,-0.000982881,0,4,4
50000,9,-0.000982881,0,4,4
50000,10,-0.000982881,0,4,4
50000,11,-0.000982881,0,4,4
50000,12,-0.000982881,0,4,4
50000,13,-0.000982881,0,4,4
50000,14,-0.000982881,0,4,4
50000,15,-0.000982881,0,4,4
50000,16,-0.000982881,0,4,4
50000,17,-0.000982881,0,4,4
50000,18,-0.000982881,0,4,4
50000,19,-0.000982881,0,4,4
50000,20,-0.000982881,0,4,4
50000,21,-0.000982881,0,4,4
50000,22,-0.000982881,0,4,4
50000,23,-0.000982881,0,4,4
50000,24,-0.000982881,0,4,4
50000,25,-0.000982881,0,4,4
50000,26,-0.000982881,0,4,4
50000,27,-0.000982881,0,4,4
50000,28,-0.000982881,0,4,4
50000,29,-0.000982881,0,4,4
50000,30,-0.000982881,0,4,4
50000,31,-0.000982881,0,4,4
50000,32,-0.000982881,0,4,4
50000,33,-0.000982881,0,4,4
50000,34,-0.000982881,0,4,4
50000,35,-0.000982881,0,4,4
50000,36,-0.000982881,0,4,4
50000,37,-0.000982881,0,4,4
50000,38,-0.000982881,0,4,4
50000,39,-0.000982881,0,4,4
50000,40,-0.000982881,0,4,4
50000,41,-0.000982881,0,4,4
50000,42,-0.000982881,0,4,4
50000,43,-0.000982881,0,4,4
50000,44,-0.000982881,0,4,4
50000,45,-0.000982881,0,4,4
50000,46,-0.000982881,0,4,4
50000,47,-0.000982881,0,4,4
50000,48,-0.000982881,0,4,4
50000,49,-0.000982881,0,4,4
50000,50,-0.000982881,0,4,4
50000,51,-0.000982881,0,4,4
50000,52,-0.000982881,0,4,4
50000,53,-0.000982881,0,4,4
50000,54,-0.000982881,0,4,4
50000,55,-0.000982881,0,4,4
50000,56,-0.000982881,0,4,4
50000,57,-0.000982881,0,4,4
50000,58,-0.000982881,0,4,4
50000,59,-0.000982881,0,4,4
50000,60,-0.000982881,0,4,4
50000,61,-0.000982881,0,4,4
50000,62,-0.000982881,0,4,4
50000,63,-0.000982881,0,4,4
50000,64,-0.000982881,0,4,4
50000,65,-0.000982881,0,4,4
50000,66,-0.000982881,0,4,4
50000,67,-0.000982881,0,4,4
50000,68,-0.000982881,0,4,4
50000,69,-0.000982881,0,4,4
50000,70,-0.000982881,0,4,4
50000,71,-0.000982881,0,4,4
50000,72,-0.000982881,0,4,4
50000,73,-0.000982881,0,4,4
50000,74,-0.000982881,0,4,4
50000,75,-0.000982881,0,4,4
50000,76,-0.000982881,0,4,4
50000,77,-0.000982881,0,4,4
50000,78,-0.000982881,0,4,4
50000,79,-0.000982881,0,4,4
50000,80,-0.000982881,0,4,4
50000,81,-0.000982881,0,4,4
50000,82,-0.000982881,0,4,4
50000,83,-0.000982881,0,4,4
50000,84,-0.000982881,0,4,4
50000,85,-0.000982881,0,4,4
50000,86,-0.000982881,0,4,4
50000,87,-0.000982881,0,4,4
50000,88,-0.000982881,0,4,4
50000,89,-0.000982881,0,4,4
50000,90,-0.000982881,0,4,4
50000,91,-0.000982881,0,4,4
50000,92,-0.000982881,0,4,4
50000,93,-0.000982881,0,4,4
50000,94,-0.000982881,0,4,4
50000,95,-0.000982881,0,4,4
50000,96,-0.000982881,0,4,4
50000,97,-0.000982881,0,4,4
50000,98,-0.000982881,0,4,4
50000,99,-0.000982881,0,4,4
50000,100,-0.00198342,0,4,4
50000,101,-0.00198342,0,4,4
50000,102,-0.00198342,0,4,4
50000,103,-0.00198342,0,4,4
50000,104,-0.00198342,0,4,4
50000,105,-0.00198342,0,4,4
50000,106,-0.00198342,0,4,4
50000,107,-0.00198342,0,4,4
50000,108,-0.00198342,0,4,4
50000,109,-0.00198342,0,4,4
50000,110,-0.00198342,0,4,4
50000,111,-0.00198342,0,4,4
50000,112,-0.00198342,0,4,4
50000,113,-0.00198342,0,4,4
50000,114,-0.00198342,0,4,4
50000,115,-0.00198342,0,4,4
50000,116,-0.00198342,0,4,4
50000,117,-0.00198342,0,4,4
50000,118,-0.00198342,0,4,4
50000,119,-0.00198342,0,4,4
50000,120,-0.00198342,0,4,4
50000,121,-0.00198342,0,4,4
50000,122,-0.00198342,0,4,4
50000,123,-0.00198342,0,4,4
50000,124,-0.00198342,0,4,4
50000,125,-0.00198342,0,4,4
50000,126,-0.00198342,0,4,4
50000,127,-0.00198342,0,4,4
50000,128,-0.00198342,0,4,4
50000,129,-0.00198342,0,4,4
50000,130,-0.00198342,0,4,4
50000,131,-0.00198342,0,4,4
50000,132,-0.00198342,0,4,4
50000,133,-0.00198342,0,4,4
50000,134,-0.00198342,0,4,4
50000,135,-0.00198342,0,4,4
50000,136,-0.00198342,0,4,4
50000,137,-0.00198342,0,4,4
50000,138,-0.00198342,0,4,4
50000,139,-0.00198342,0,4,4
50000,140,-0.00198342,0,4,4
50000,141,-0.00198342,0,4,4
50000,142,-0.00198342,0,4,4
50000,143,-0.00198342,0,4,4
50000,144,-0.00198342,0,4,4
50000,145,-0.00198342,0,4,4
50000,146,-0.00198342,0,4,4
50000,147,-0.00198342,0,4,4
50000,148,-0.00198342,0,4,4
50000,149,-0.00198342,0,4,4
50000,150,-0.00198342,0,4,4
50000,151,-0.00198342,0,4,4
50000,152,-0.00198342,0,4,4
50000,153,-0.00198342,0,4,4
50000,154,-0.00198342,0,4,4
50000,155,-0.00198342,0,4,4
50000,156,-0.00198342,0,4,4
50000,157,-0.00198342,0,4,4
50000,158,-0.00198342,0,4,4
50000,159,-0.00198342,0,4,4
50000,160,-0.00198342,0,4,4
50000,161,-0.00198342,0,4,4
50000,162,-0.00198342,0,4,4
50000,163,-0.00198342,0,4,4
50000,164,-0.00198342,0,4,4
50000,165,-0.00198342,0,4,4
50000,166,-0.00198342,0,4,4
50000,167,-0.00198342,0,4,4
50000,168,-0.00198342,0,4,4
50000,169,-0.00198342,0,4,4
50000,170,-0.00198342,0,4,4
50000,171,-0.00198342,0,4,4
50000,172,-0.00198342,0,4,4
50000,173,-0.00198342,0,4,4
50000,174,-0.00198342,0,4,4
50000,175,-0.00198342,0,4,4
50000,176,-0.00198342,0,4,4
50000,177,-0.00198342,0,4,4
50000,178,-0.00198342,0,4,4
50000,179,-0.00198342,0,4,4
50000,180,-0.00198342,0,4,4
50000,181,-0.00198342,0,4,4
50000,182,-0.00198342,0,4,4
50000,183,-0.00198342,0,4,4
50000,184,-0.00198342,0,4,4
50000,185,-0.00198342,0,4,4
50000,186,-0.00198342,0,4,4
50000,187,-0.00198342,0,4,4
50000,188,-0.00198342,0,4,4
50000,189,-0.00198342,0,4,4
50000,190,-0.00198342,0,4,4
50000,191,-0.00198342,0,4,4
50000,192,-0.00198342,0,4,4
50000,193,-0.00198342,0,4,4
50000,194,-0.00198342,0,4,4
50000,195,-0.00198342,0,4,4
50000,196,-0.00198342,0,4,4
50000,197,-0.00198342,0,4,4
50000,198,-0.00198342,0,4,4
50000,199,-0.00198342,0,4,4
50000,200,-0.00298398,0,4,4
50000,201,-0.00298398,0,4,4
50000,202,-0.00298398,0,4,4
50000,203,-0.00298398,0,4,4
50000,204,-0.00298398,0,4,4
50000,205,-0.00298398,0,4,4
50000,206,-0.00298398,0,4,4
50000,207,-0.00298398,0,4,4
50000,208,-0.00298398,0,4,4
50000,209,-0.00298398,0,4,4
50000,210,-0.00298398,0,4,4
50000,211,-0.00298398,0,4,4
50000,212,-0.00298398,0,4,4
50000,213,-0.00298398,0,4,4
50000,214,-0.00298398,0,4,4
50000,215,-0.00298398,0,4,4
50000,216,-0.00298398,0,4,4
50000,217,-0.00298398,0,4,4
50000,218,-0.00298398,0,4,4
50000,219,-0.00298398,0,4,4
50000,220,-0.00298398,0,4,4
50000,221,-0.00298398,0,4,4
50000,222,-0.00298398,0,4,4
50000,223,-0.00298398,0,4,4
50000,224,-0.00298398,0,4,4
50000,225,-0.00298398,0,4,4
50000,226,-0.00298398,0,4,4
50000,227,-0.00298398,0,4,4
50000,228,-0.00298398,0,4,4
50000,229,-0.00298398,0,4,4
50000,230,-0.00298398,0,4,4
50000,231,-0.00298398,0,4,4
50000,232,-0.00298398,0,4,4
50000,233,-0.00298398,0,4,4
50000,234,-0.00298398,0,4,4
50000,235,-0.00298398,0,4,4
50000,236,-0.00298398,0,4,4
50000,237,-0.00298398,0,4,4
50000,238,-0.00298398,0,4,4
50000,239,-0.00298398,0,4,4
50000,240,-0.00298398,0,4,4
50000,241,-0.00298398,0,4,4
50000,242,-0.00298398,0,4,4
50000,243,-0.00298398,0,4,4
50000,244,-0.00298398,0,4,4
50000,245,-0.00298398,0,4,4
50000,246,-0.00298398,0,4,4
50000,247,-0.00298398,0,4,4
50000,248,-0.00298398,0,4,4
50000,249,-0.00298398,0,4,4
50000,250,-0.00298398,0,4,4
50000,251,-0.00298398,0,4,4
50000,252,-0.00298398,0,4,4
50000,253,-0.00298398,0,4,4
50000,254,-0.00298398,0,4,4
50000,255,-0.00298398,0,4,4
50000,256,-0.00298398,0,4,4
50000,257,-0.00298398,0,4,4
50000,258,-0.00298398,0,4,4
50000,259,-0.00298398,0,4,4
50000,260,-0.00298398,0,4,4
50000,261,-0.00298398,0,4,4
50000,262,-0.00298398,0,4,4
50000,263,-0.00298398,0,4,4
50000,264,-0.00298398,0,4,4
50000,265,-0.00298398,0,4,4
50000,266,-0.00298398,0,4,4
50000,267,-0.00298398,0,4,4
50000,268,-0.00298398,0,4,4
50000,269,-0.00298398,0,4,4
50000,270,-0.00298398,0,4,4
50000,271,-0.00298398,0,4,4
50000,272,-0.00298398,0,4,4
50000,273,-0.00298398,0,4,4
50000,274,-0.00298398,0,4,4
50000,275,-0.00298398,0,4,4
50000,276,-0.00298398,0,4,4
50000,277,-0.00298398,0,4,4
50000,278,-0.00298398,0,4,4
50000,279,-0.00298398,0,4,4
50000,280,-0.00298398,0,4,4
50000,281,-0.00298398,0,4,4
50000,282,-0.00298398,0,4,4
50000,283,-0.00298398,0,4,4
50000,284,-0.00298398,0,4,4
50000,285,-0.00298398,0,4,4
50000,286,-0.00298398,0,4,4
50000,287,-0.00298398,0,4,4
50000,288,-0.00298398,0,4,4
50000,289,-0.00298398,0,4,4
50000,290,-0.00298398,0,4,4
50000,291,-0.00298398,0,4,4
50000,292,-0.00298398,0,4,4
50000,293,-0.00298398,0,4,4
50000,294,-0.00298398,0,4,4
50000,295,-0.00298398,0,4,4
50000,296,-0.00298398,0,4,4
50000,297,-0.00298398,0,4,4
50000,298,-0.00298398,0,4,4
50000,299,-0.00298398,0,4,4
50000,300,-0.00398457,0,4,4
50000,301,-0.00398457,0,4,4
50000,302,-0.00398457,0,4,4
50000,303,-0.00398457,0,4,4
50000,304,-0.00398457,0,4,4
50000,305,-0.00398457,0,4,4
50000,306,-0.00398457,0,4,4
50000,307,-0.00398457,0,4,4
50000,308,-0.00398457,0,4,4
50000,309,-0.00398457,0,4,4
50000,310,-0.00398457,0,4,4
50000,311,-0.00398457,0,4,4
50000,312,-0.00398457,0,4,4
50000,313,-0.00398457,0,4,4
50000,314,-0.00398457,0,4,4
50000,315,-0.00398457,0,4,4
50000,316,-0.00398457,0,4,4
50000,317,-0.00398457,0,4,4
50000,318,-0.00398457,0,4,4
50000,319,-0.00398457,0,4,4
50000,320,-0.00398457,0,4,4
50000,321,-0.00398457,0,4,4
50000,322,-0.00398457,0,4,4
50000,323,-0.00398457,0,4,4
50000,324,-0.00398457,0,4,4
50000,325,-0.00398457,0,4,4
50000,326,-0.00398457,0,4,4
50000,327,-0.00398457,0,4,4
50000,328,-0.00398457,0,4,4
50000,329,-0.00398457,0,4,4
50000,330,-0.00398457,0,4,4
50000,331,-0.00398457,0,4,4
50000,332,-0.00398457,0,4,4
50000,333,-0.00398457,0,4,4
50000,334,-0.00398457,0,4,4
50000,335,-0.00398457,0,4,4
50000,336,-0.00398457,0,4,4
50000,337,-0.00398457,0,4,4
50000,338,-0.00398457,0,4,4
50000,339,-0.00398457,0,4,4
50000,340,-0.00398457,0,4,4
50000,341,-0.00398457,0,4,4
50000,342,-0.00398457,0,4,4
50000,343,-0.00398457,0,4,4
50000,344,-0.00398457,0,4,4
50000,345,-0.00398457,0,4,4
50000,346,-0.00398457,0,4,4
50000,347,-0.00398457,0,4,4
50000,348,-0.00398457,0,4,4
50000,349,-0.00398457,0,4,4
50000,350,-0.00398457,0,4,4
50000,351,-0.00398457,0,4,4
50000,352,-0.00398457,0,4,4
50000,353,-0.00398457,0,4,4
50000,354,-0.00398457,0,4,4
50000,355,-0.00398457,0,4,4
50000,356,-0.00398457,0,4,4
50000,357,-0.00398457,0,4,4
50000,358,-0.00398457,0,4,4
50000,359,-0.00398457,0,4,4
50000,360,-0.00398457,0,4,4
50000,361,-0.00398457,0,4,4
50000,362,-0.00398457,0,4,4
50000,363,-0.00398457,0,4,4
50000,364,-0.00398457,0,4,4
50000,365,-0.00398457,0,4,4
50000,366,-0.00398457,0,4,4
50000,367,-0.00398457,0,4,4
50000,368,-0.00398457,0,4,4
50000,369,-0.00398457,0,4,4
50000,370,-0.00398457,0,4,4
50000,371,-0.00398457,0,4,4
50000,372,-0.00398457,0,4,4
50000,373,-0.00398457,0,4,4
50000,374,-0.00398457,0,4,4
50000,375,-0.00398457,0,4,4
50000,376,-0.00398457,0,4,4
50000,377,-0.00398457,0,4,4
50000,378,-0.00398457,0,4,4
50000,379,-0.00398457,0,4,4
50000,380,-0.00398457,0,4,4
50000,381,-0.00398457,0,4,4
50000,382,-0.00398457,0,4,4
50000,383,-0.00398457,0,4,4
50000,384,-0.00398457,0,4,4
50000,385,-0.00398457,0,4,4
50000,386,-0.00398457,0,4,4
50000,387,-0.00398457,0,4,4
50000,388,-0.00398457,0,4,4
50000,389,-0.00398457,0,4,4
50000,390,-0.00398457,0,4,4
50000,391,-0.00398457,0,4,4
50000,392,-0.00398457,0,4,4
50000,393,-0.00398457,0,4,4
50000,394,-0.00398457,0,4,4
50000,395,-0.00398457,0,4,4
50000,396,-0.00398457,0,4,4
50000,397,-0.00398457,0,4,4
50000,398,-0.00398457,0,4,4
50000,399,-0.00398457,0,4,4
50000,400,-0.00498517,0,4,4
50000,401,-0.00498517,0,4,4
50000,402,-0.00498517,0,4,4
50000,403,-0.00498517,0,4,4
50000,404,-0.00498517,0,4,4
50000,405,-0.00498517,0,4,4
50000,406,-0.00498517,0,4,4
50000,407,-0.00498517,0,4,4
50000,408,-0.00498517,0,4,4
50000,409,-0.00498517,0,4,4
50000,410,-0.00498517,0,4,4
50000,411,-0.00498517,0,4,4
50000,412,-0.00498517,0,4,4
50000,413,-0.00498517,0,4,4
50000,414,-0.00498517,0,4,4
50000,415,-0.00498517,0,4,4
50000,416,-0.00498517,0,4,4
50000,417,-0.00498517,0,4,4
50000,418,-0.00498517,0,4,4
50000,419,-0.00498517,0,4,4
50000,420,-0.00498517,0,4,4
50000,421,-0.00498517,0,4,4
50000,422,-0.00498517,0,4,4
50000,423,-0.00498517,0,4,4
50000,424,-0.00498517,0,4,4
50000,425,-0.00498517,0,4,4
50000,426,-0.00498517,0,4,4
50000,427,-0.00498517,0,4,4
50000,428,-0.00498517,0,4,4
50000,429,-0.00498517,0,4,4
50000,430,-0.00498517,0,4,4
50000,431,-0.00498517,0,4,4
50000,432,-0.00498517,0,4,4
50000,433,-0.00498517,0,4,4
50000,434,-0.00498517,0,4,4
50000,435,-0.00498517,0,4,4
50000,436,-0.00498517,0,4,4
50000,437,-0.00498517,0,4,4
50000,438,-0.00498517,0,4,4
50000,439,-0.00498517,0,4,4
50000,440,-0.00498517,0,4,4
50000,441,-0.00498517,0,4,4
50000,442,-0.00498517,0,4,4
50000,443,-0.00498517,0,4,4
50000,444,-0.00498517,0,4,4
50000,445,-0.00498517,0,4,4
50000,446,-0.00498517,0,4,4
50000,447,-0.00498517,0,4,4
50000,448,-0.00498517,0,4,4
50000,449,-0.00498517,0,4,4
50000,450,-0.00498517,0,4,4
50000,451,-0.00498517,0,4,4
50000,452,-0.00498517,0,4,4
50000,453,-0.00498517,0,4,4
50000,454,-0.00498517,0,4,4
50000,455,-0.00498517,0,4,4
50000,456,-0.00498517,0,4,4
50000,457,-0.00498517,0,4,4
50000,458,-0.00498517,0,4,4
50000,459,-0.00498517,0,4,4
50000,460,-0.00498517,0,4,4
50000,461,-0.00498517,0,4,4
50000,462,-0.00498517,0,4,4
50000,463,-0.00498517,0,4,4
50000,464,-0.00498517,0,4,4
50000,465,-0.00498517,0,4,4
50000,466,-0.00498517,0,4,4
50000,467,-0.00498517,0,4,4
50000,468,-0.00498517,0,4,4
50000,469,-0.00498517,0,4,4
50000,470,-0.00498517,0,4,4
50000,471,-0.00498517,0,4,4
50000,472,-0.00498517,0,4,4
50000,473,-0.00498517,0,4,4
50000,474,-0.00498517,0,4,4
50000,475,-0.00498517,0,4,4
50000,476,-0.00498517,0,4,4
50000,477,-0.00498517,0,4,4
50000,478,-0.00498517,0,4,4
50000,479,-0.00498517,0,4,4
50000,480,-0.00498517,0,4,4
50000,481,-0.00498517,0,4,4
50000,482,-0.00498517,0,4,4
50000,483,-0.00498517,0,4,4
50000,484,-0.00498517,0,4,4
50000,485,-0.00498517,0,4,4
50000,486,-0.00498517,0,4,4
50000,487,-0.00498517,0,4,4
50000,488,-0.00498517,0,4,4
50000,489,-0.00498517,0,4,4
50000,490,-0.00498517,0,4,4
50000,491,-0.00498517,0,4,4
50000,492,-0.00498517,0,4,4
50000,493,-0.00498517,0,4,4
50000,494,-0.00498517,0,4,4
50000,495,-0.00498517,0,4,4
50000,496,-0.00498517,0,4,4
50000,497,-0.00498517,0,4,4
50000,498,-0.00498517,0,4,4
50000,499,-0.00498517,0,4,4
50000,500,-0.00598579,0,4,4
50000,501,-0.00598579,0,4,4
50000,502,-0.00598579,0,4,4
50000,503,-0.00598579,0,4,4
50000,504,-0.00598579,0,4,4
50000,505,-0.00598579,0,4,4
50000,506,-0.00598579,0,4,4
50000,507,-0.00598579,0,4,4
50000,508,-0.00598579,0,4,4
50000,509,-0.00598579,0,4,4
50000,510,-0.00598579,0,4,4
50000,511,-0.00598579,0,4,4
50000,512,-0.00598579,0,4,4
50000,513,-0.00598579,0,4,4
50000,514,-0.00598579,0,4,4
50000,515,-0.00598579,0,4,4
50000,516,-0.00598579,0,4,4
50000,517,-0.00598579,0,4,4
50000,518,-0.00598579,0,4,4
50000,519,-0.00598579,0,4,4
50000,520,-0.00598579,0,4,4
50000,521,-0.00598579,0,4,4
50000,522,-0.00598579,0,4,4
50000,523,-0.00598579,0,4,4
50000,524,-0.00598579,0,4,4
50000,525,-0.00598579,0,4,4
50000,526,-0.00598579,0,4,4
50000,527,-0.00598579,0,4,4
50000,528,-0.00598579,0,4,4
50000,529,-0.00598579,0,4,4
50000,530,-0.00598579,0,4,4
50000,531,-0.00598579,0,4,4
50000,532,-0.00598579,0,4,4
50000,533,-0.00598579,0,4,4
50000,534,-0.00598579,0,4,4
50000,535,-0.00598579,0,4,4
50000,536,-0.00598579,0,4,4
50000,537,-0.00598579,0,4,4
50000,538,-0.00598579,0,4,4
50000,539,-0.00598579,0,4,4
50000,540,-0.00598579,0,4,4
50000,541,-0.00598579,0,4,4
50000,542,-0.00598579,0,4,4
50000,543,-0.00598579,0,4,4
50000,544,-0.00598579,0,4,4
50000,545,-0.00598579,0,4,4
50000,546,-0.00598579,0,4,4
50000,547,-0.00598579,0,4,4
50000,548,-0.00598579,0,4,4
50000,549,-0.00598579,0,4,4
50000,550,-0.00598579,0,4,4
50000,551,-0.00598579,0,4,4
50000,552,-0.00598579,0,4,4
50000,553,-0.00598579,0,4,4
50000,554,-0.00598579,0,4,4
50000,555,-0.00598579,0,4,4
50000,556,-0.00598579,0,4,4
50000,557,-0.00598579,0,4,4
50000,558,-0.00598579,0,4,4
50000,559,-0.00598579,0,4,4
50000,560,-0.00598579,0,4,4
50000,561,-0.00598579,0,4,4
50000,562,-0.00598579,0,4,4
50000,563,-0.00598579,0,4,4
50000,564,-0.00598579,0,4,4
50000,565,-0.00598579,0,4,4
50000,566,-0.00598579,0,4,4
50000,567,-0.00598579,0,4,4
50000,568,-0.00598579,0,4,4
50000,569,-0.00598579,0,4,4
50000,570,-0.00598579,0,4,4
50000,571,-0.00598579,0,4,4
50000,572,-0.00598579,0,4,4
50000,573,-0.00598579,0,4,4
50000,574,-0.00598579,0,4,4
50000,575,-0.00598579,0,4,4
50000,576,-0.00598579,0,4,4
50000,577,-0.00598579,0,4,4
50000,578,-0.00598579,0,4,4
50000,579,-0.00598579,0,4,4
50000,580,-0.00598579,0,4,4
50000,581,-0.00598579,0,4,4
50000,582,-0.00598579,0,4,4
50000,583,-0.00598579,0,4,4
50000,584,-0.00598579,0,4,4
50000,585,-0.00598579,0,4,4
50000,586,-0.00598579,0,4,4
50000,587,-0.00598579,0,4,4
50000,588,-0.00598579,0,4,4
50000,589,-0.00598579,0,4,4
50000,590,-0.00598579,0,4,4
50000,591,-0.00598579,0,4,4
50000,592,-0.00598579,0,4,4
50000,593,-0.00598579,0,4,4
50000,594,-0.00598579,0,4,4
50000,595,-0.00598579,0,4,4
50000,596,-0.00598579,0,4,4
50000,597,-0.00598579,0,4,4
50000,598,-0.00598579,0,4,4
50000,599,-0.00598579,0,4,4
50000,600,-0.00698643,0,4,4
50000,601,-0.00698643,0,4,4
50000,602,-0.00698643,0,4,4
50000,603,-0.00698643,0,4,4
50000,604,-0.00698643,0,4,4
50000,605,-0.00698643,0,4,4
50000,606,-0.00698643,0,4,4
50000,607,-0.00698643,0,4,4
50000,608,-0.00698643,0,4,4
50000,609,-0.00698643,0,4,4
50000,610,-0.00698643,0,4,4
50000,611,-0.00698643,0,4,4
50000,612,-0.00698643,0,4,4
50000,613,-0.00698643,0,4,4
50000,614,-0.00698643,0,4,4
50000,615,-0.00698643,0,4,4
50000,616,-0.00698643,0,4,4
50000,617,-0.00698643,0,4,4
50000,618,-0.00698643,0,4,4
50000,619,-0.00698643,0,4,4
50000,620,-0.00698643,0,4,4
50000,621,-0.00698643,0,4,4
50000,622,-0.00698643,0,4,4
50000,623,-0.00698643,0,4,4
50000,624,-0.00698643,0,4,4
50000,625,-0.00698643,0,4,4
50000,626,-0.00698643,0,4,4
50000,627,-0.00698643,0,4,4
50000,628,-0.00698643,0,4,4
50000,629,-0.00698643,0,4,4
50000,630,-0.00698643,0,4,4
50000,631,-0.00698643,0,4,4
50000,632,-0.00698643,0,4,4
50000,633,-0.00698643,0,4,4
50000,634,-0.00698643,0,4,4
50000,635,-0.00698643,0,4,4
50000,636,-0.00698643,0,4,4
50000,637,-0.00698643,0,4,4
50000,638,-0.00698643,0,4,4
50000,639,-0.00698643,0,4,4
50000,640,-0.00698643,0,4,4
50000,641,-0.00698643,0,4,4
50000,642,-0.00698643,0,4,4
50000,643,-0.00698643,0,4,4
50000,644,-0.00698643,0,4,4
50000,645,-0.00698643,0,4,4
50000,646,-0.00698643,0,4,4
50000,647,-0.00698643,0,4,4
50000,648,-0.00698643,0,4,4
50000,649,-0.00698643,0,4,4
50000,650,-0.00698643,0,4,4
50000,651,-0.00698643,0,4,4
50000,652,-0.00698643,0,4,4
50000,653,-0.00698643,0,4,4
50000,654,-0.00698643,0,4,4
50000,655,-0.00698643,0,4,4
50000,656,-0.00698643,0,4,4
50000,657,-0.00698643,0,4,4
50000,658,-0.00698643,0,4,4
50000,659,-0.00698643,0,4,4
50000,660,-0.00698643,0,4,4
50000,661,-0.00698643,0,4,4
50000,662,-0.00698643,0,4,4
50000,663,-0.00698643,0,4,4
50000,664,-0.00698643,0,4,4
50000,665,-0.00698643,0,4,4
50000,666,-0.00698643,0,4,4
50000,667,-0.00698643,0,4,4
50000,668,-0.00698643,0,4,4
50000,669,-0.00698643,0,4,4
50000,670,-0.00698643,0,4,4
50000,671,-0.00698643,0,4,4
50000,672,-0.00698643,0,4,4
50000,673,-0.00698643,0,4,4
50000,674,-0.00698643,0,4,4
50000,675,-0.00698643,0,4,4
50000,676,-0.00698643,0,4,4
50000,677,-0.00698643,0,4,4
50000,678,-0.00698643,0,4,4
50000,679,-0.00698643,0,4,4
50000,680,-0.00698643,0,4,4
50000,681,-0.00698643,0,4,4
50000,682,-0.00698643,0,4,4
50000,683,-0.00698643,0,4,4
50000,684,-0.00698643,0,4,4
50000,685,-0.00698643,0,4,4
50000,686,-0.00698643,0,4,4
50000,687,-0.00698643,0,4,4
50000,688,-0.00698643,0,4,4
50000,689,-0.00698643,0,4,4
50000,690,-0.00698643,0,4,4
50000,691,-0.00698643,0,4,4
50000,692,-0.00698643,0,4,4
50000,693,-0.00698643,0,4,4
50000,694,-0.00698643,0,4,4
50000,695,-0.00698643,0,4,4
50000,696,-0.00698643,0,4,4
50000,697,-0.00698643,0,4,4
50000,698,-0.00698643,0,4,4
50000,699,-0.00698643,0,4,4
50000,700,-0.00798709,0,4,4
50000,701,-0.00798709,0,4,4
50000,702,-0.00798709,0,4,4
50000,703,-0.00798709,0,4,4
50000,704,-0.00798709,0,4,4
50000,705,-0.00798709,0,4,4
50000,706,-0.00798709,0,4,4
50000,707,-0.00798709,0,4,4
50000,708,-0.00798709,0,4,4
50000,709,-0.00798709,0,4,4
50000,710,-0.00798709,0,4,4
50000,711,-0.00798709,0,4,4
50000,712,-0.00798709,0,4,4
50000,713,-0.00798709,0,4,4
50000,714,-0.00798709,0,4,4
50000,715,-0.00798709,0,4,4
50000,716,-0.00798709,0,4,4
50000,717,-0.00798709,0,4,4
50000,718,-0.00798709,0,4,4
50000,719,-0.00798709,0,4,4
50000,720,-0.00798709,0,4,4
50000,721,-0.00798709,0,4,4
50000,722,-0.00798709,0,4,4
50000,723,-0.00798709,0,4,4
50000,724,-0.00798709,0,4,4
50000,725,-0.00798709,0,4,4
50000,726,-0.00798709,0,4,4
50000,727,-0.00798709,0,4,4
50000,728,-0.00798709,0,4,4
50000,729,-0.00798709,0,4,4
50000,730,-0.00798709,0,4,4
50000,731,-0.00798709,0,4,4
50000,732,-0.00798709,0,4,4
50000,733,-0.00798709,0,4,4
50000,734,-0.00798709,0,4,4
50000,735,-0.00798709,0,4,4
50000,736,-0.00798709,0,4,4
50000,737,-0.00798709,0,4,4
50000,738,-0.00798709,0,4,4
50000,739,-0.00798709,0,4,4
50000,740,-0.00798709,0,4,4
50000,741,-0.00798709,0,4,4
50000,742,-0.00798709,0,4,4
50000,743,-0.00798709,0,4,4
50000,744,-0.00798709,0,4,4
50000,745,-0.00798709,0,4,4
50000,746,-0.00798709,0,4,4
50000,747,-0.00798709,0,4,4
50000,748,-0.00798709,0,4,4
50000,749,-0.00798709,0,4,4
50000,750,-0.00798709,0,4,4
50000,751,-0.00798709,0,4,4
50000,752,-0.00798709,0,4,4
50000,753,-0.00798709,0,4,4
50000,754,-0.00798709,0,4,4
50000,755,-0.00798709,0,4,4
50000,756,-0.00798709,0,4,4
50000,757,-0.00798709,0,4,4
50000,758,-0.00798709,0,4,4
50000,759,-0.00798709,0,4,4
50000,760,-0.00798709,0,4,4
50000,761,-0.00798709,0,4,4
50000,762,-0.00798709,0,4,4
50000,763,-0.00798709,0,4,4
50000,764,-0.00798709,0,4,4
50000,765,-0.00798709,0,4,4
50000,766,-0.00798709,0,4,4
50000,767,-0.00798709,0,4,4
50000,768,-0.00798709,0,4,4
50000,769,-0.00798709,0,4,4
50000,770,-0.00798709,0,4,4
50000,771,-0.00798709,0,4,4
50000,772,-0.00798709,0,4,4
50000,773,-0.00798709,0,4,4
50000,774,-0.00798709,0,4,4
50000,775,-0.00798709,0,4,4
50000,776,-0.00798709,0,4,4
50000,777,-0.00798709,0,4,4
50000,778,-0.00798709,0,4,4
50000,779,-0.00798709,0,4,4
50000,780,-0.00798709,0,4,4
50000,781,-0.00798709,0,4,4
50000,782,-0.00798709,0,4,4
50000,783,-0.00798709,0,4,4
50000,784,-0.00798709,0,4,4
50000,785,-0.00798709,0,4,4
50000,786,-0.00798709,0,4,4
50000,787,-0.00798709,0,4,4
50000,788,-0.00798709,0,4,4
50000,789,-0.00798709,0,4,4
50000,790,-0.00798709,0,4,4
50000,791,-0.00798709,0,4,4
50000,792,-0.00798709,0,4,4
50000,793,-0.00798709,0,4,4
50000,794,-0.00798709,0,4,4
50000,795,-0.00798709,0,4,4
50000,796,-0.00798709,0,4,4
50000,797,-0.00798709,0,4,4
50000,798,-0.00798709,0,4,4
50000,799,-0.00798709,0,4,4
50000,800,-0.00898776,0,4,4
50000,801,-0.00898776,0,4,4
50000,802,-0.00898776,0,4,4
50000,803,-0.00898776,0,4,4
50000,804,-0.00898776,0,4,4
50000,805,-0.00898776,0,4,4
50000,806,-0.00898776,0,4,4
50000,807,-0.00898776,0,4,4
50000,808,-0.00898776,0,4,4
50000,809,-0.00898776,0,4,4
50000,810,-0.00898776,0,4,4
50000,811,-0.00898776,0,4,4
50000,812,-0.00898776,0,4,4
50000,813,-0.00898776,0,4,4
50000,814,-0.00898776,0,4,4
50000,815,-0.00898776,0,4,4
50000,816,-0.00898776,0,4,4
50000,817,-0.00898776,0,4,4
50000,818,-0.00898776,0,4,4
50000,819,-0.00898776,0,4,4
50000,820,-0.00898776,0,4,4
50000,821,-0.00898776,0,4,4
50000,822,-0.00898776,0,4,4
50000,823,-0.00898776,0,4,4
50000,824,-0.00898776,0,4,4
50000,825,-0.00898776,0,4,4
50000,826,-0.00898776,0,4,4
50000,827,-0.00898776,0,4,4
50000,828,-0.00898776,0,4,4
50000,829,-0.00898776,0,4,4
50000,830,-0.00898776,0,4,4
50000,831,-0.00898776,0,4,4
50000,832,-0.00898776,0,4,4
50000,833,-0.00898776,0,4,4
50000,834,-0.00898776,0,4,4
50000,835,-0.00898776,0,4,4
50000,836,-0.00898776,0,4,4
50000,837,-0.00898776,0,4,4
50000,838,-0.00898776,0,4,4
50000,839,-0.00898776,0,4,4
50000,840,-0.00898776,0,4,4
50000,841,-0.00898776,0,4,4
50000,842,-0.00898776,0,4,4
50000,843,-0.00898776,0,4,4
50000,844,-0.00898776,0,4,4
50000,845,-0.00898776,0,4,4
50000,846,-0.00898776,0,4,4
50000,847,-0.00898776,0,4,4
50000,848,-0.00898776,0,4,4
50000,849,-0.00898776,0,4,4
50000,850,-0.00898776,0,4,4
50000,851,-0.00898776,0,4,4
50000,852,-0.00898776,0,4,4
50000,853,-0.00898776,0,4,4
50000,854,-0.00898776,0,4,4
50000,855,-0.00898776,0,4,4
50000,856,-0.00898776,0,4,4
50000,857,-0.00898776,0,4,4
50000,858,-0.00898776,0,4,4
50000,859,-0.00898776,0,4,4
50000,860,-0.00898776,0,4,4
50000,861,-0.00898776,0,4,4
50000,862,-0.00898776,0,4,4
50000,863,-0.00898776,0,4,4
50000,864,-0.00898776,0,4,4
50000,865,-0.00898776,0,4,4
50000,866,-0.00898776,0,4,4
50000,867,-0.00898776,0,4,4
50000,868,-0.00898776,0,4,4
50000,869,-0.00898776,0,4,4
50000,870,-0.00898776,0,4,4
50000,871,-0.00898776,0,4,4
50000,872,-0.00898776,0,4,4
50000,873,-0.00898776,0,4,4
50000,874,-0.00898776,0,4,4
50000,875,-0.00898776,0,4,4
50000,876,-0.00898776,0,4,4
50000,877,-0.00898776,0,4,4
50000,878,-0.00898776,0,4,4
50000,879,-0.00898776,0,4,4
50000,880,-0.00898776,0,4,4
50000,881,-0.00898776,0,4,4
50000,882,-0.00898776,0,4,4
50000,883,-0.00898776,0,4,4
50000,884,-0.00898776,0,4,4
50000,885,-0.00898776,0,4,4
50000,886,-0.00898776,0,4,4
50000,887,-0.00898776,0,4,4
50000,888,-0.00898776,0,4,4
50000,889,-0.00898776,0,4,4
50000,890,-0.00898776,0,4,4
50000,891,-0.00898776,0,4,4
50000,892,-0.00898776,0,4,4
50000,893,-0.00898776,0,4,4
50000,894,-0.00898776,0,4,4
50000,895,-0.00898776,0,4,4
50000,896,-0.00898776,0,4,4
50000,897,-0.00898776,0,4,4
50000,898,-0.00898776,0,4,4
50000,899,-0.00898776,0,4,4
50000,900,-0.00998845,0,4,4
50000,901,-0.00998845,0,4,4
50000,902,-0.00998845,0,4,4
50000,903,-0.00998845,0,4,4
50000,904,-0.00998845,0,4,4
50000,905,-0.00998845,0,4,4
50000,906,-0.00998845,0,4,4
50000,907,-0.00998845,0,4,4
50000,908,-0.00998845,0,4,4
50000,909,-0.00998845,0,4,4
50000,910,-0.00998845,0,4,4
50000,911,-0.00998845,0,4,4
50000,912,-0.00998845,0,4,4
50000,913,-0.00998845,0,4,4
50000,914,-0.00998845,0,4,4
50000,915,-0.00998845,0,4,4
50000,916,-0.00998845,0,4,4
50000,917,-0.00998845,0,4,4
50000,918,-0.00998845,0,4,4
50000,919,-0.00998845,0,4,4
50000,920,-0.00998845,0,4,4
50000,921,-0.00998845,0,4,4
50000,922,-0.00998845,0,4,4
50000,923,-0.00998845,0,4,4
50000,924,-0.00998845,0,4,4
50000,925,-0.00998845,0,4,4
50000,926,-0.00998845,0,4,4
50000,927,-0.00998845,0,4,4
50000,928,-0.00998845,0,4,4
50000,929,-0.00998845,0,4,4
50000,930,-0.00998845,0,4,4
50000,931,-0.00998845,0,4,4
50000,932,-0.00998845,0,4,4
50000,933,-0.00998845,0,4,4
50000,934,-0.00998845,0,4,4
50000,935,-0.00998845,0,4,4
50000,936,-0.00998845,0,4,4
50000,937,-0.00998845,0,4,4
50000,938,-0.00998845,0,4,4
50000,939,-0.00998845,0,4,4
50000,940,-0.00998845,0,4,4
50000,941,-0.00998845,0,4,4
50000,942,-0.00998845,0,4,4
50000,943,-0.00998845,0,4,4
50000,944,-0.00998845,0,4,4
50000,945,-0.00998845,0,4,4
50000,946,-0.00998845,0,4,4
50000,947,-0.00998845,0,4,4
50000,948,-0.00998845,0,4,4
50000,949,-0.00998845,0,4,4
50000,950,-0.00998845,0,4,4
50000,951,-0.00998845,0,4,4
50000,952,-0.00998845,0,4,4
50000,953,-0.00998845,0,4,4
50000,954,-0.00998845,0,4,4
50000,955,-0.00998845,0,4,4
50000,956,-0.00998845,0,4,4
50000,957,-0.00998845,0,4,4
50000,958,-0.00998845,0,4,4
50000,959,-0.00998845,0,4,4
50000,960,-0.00998845,0,4,4
50000,961,-0.00998845,0,4,4
50000,962,-0.00998845,0,4,4
50000,963,-0.00998845,0,4,4
50000,964,-0.00998845,0,4,4
50000,965,-0.00998845,0,4,4
50000,966,-0.00998845,0,4,4
50000,967,-0.00998845,0,4,4
50000,968,-0.00998845,0,4,4
50000,969,-0.00998845,0,4,4
50000,970,-0.00998845,0,4,4
50000,971,-0.00998845,0,4,4
50000,972,-0.00998845,0,4,4
50000,973,-0.00998845,0,4,4
50000,974,-0.00998845,0,4,4
50000,975,-0.00998845,0,4,4
50000,976,-0.00998845,0,4,4
50000,977,-0.00998845,0,4,4
50000,978,-0.00998845,0,4,4
50000,979,-0.00998845,0,4,4
50000,980,-0.00998845,0,4,4
50000,981,-0.00998845,0,4,4
50000,982,-0.00998845,0,4,4
50000,983,-0.00998845,0,4,4
50000,984,-0.00998845,0,4,4
50000,985,-0.00998845,0,4,4
50000,986,-0.00998845,0,4,4
50000,987,-0.00998845,0,4,4
50000,988,-0.00998845,0,4,4
50000,989,-0.00998845,0,4,4
50000,990,-0.00998845,0,4,4
50000,991,-0.00998845,0,4,4
50000,992,-0.00998845,0,4,4
50000,993,-0.00998845,0,4,4
50000,994,-0.00998845,0,4,4
50000,995,-0.00998845,0,4,4
50000,996,-0.00998845,0,4,4
50000,997,-0.00998845,0,4,4
50000,998,-0.00998845,0,4,4
50000,999,-0.00998845,0,4,4
50000,1000,-0.0109892,0,3,3
50000,1001,-0.0109892,0,3,3
50000,1002,-0.0109892,0,3,3
50000,1003,-0.0109892,0,3,3
50000,1004,-0.0109892,0,3,3
50000,1005,-0.0109892,0,3,3
50000,1006,-0.0109892,0,3,3
50000,1007,-0.0109892,0,3,3
50000,1008,-0.0109892,0,3,3
50000,1009,-0.0109892,0,3,3
50000,1010,-0.0109892,0,3,3
50000,1011,-0.0109892,0,3,3
50000,1012,-0.0109892,0,3,3
50000,1013,-0.0109892,0,3,3
50000,1014,-0.0109892,0,3,3
50000,1015,-0.0109892,0,3,3
50000,1016,-0.0109892,0,3,3
50000,1017,-0.0109892,0,3,3
50000,1018,-0.0109892,0,3,3
50000,1019,-0.0109892,0,3,3
50000,1020,-0.0109892,0,3,3
50000,1021,-0.0109892,0,3,3
50000,1022,-0.0109892,0,3,3
50000,1023,-0.0109892,0,3,3
50000,1024,-0.0109892,0,3,3
50000,1025,-0.0109892,0,3,3
50000,1026,-0.0109892,0,3,3
50000,1027,-0.0109892,0,3,3
50000,1028,-0.0109892,0,3,3
50000,1029,-0.0109892,0,3,3
50000,1030,-0.0109892,0,3,3
50000,1031,-0.0109892,0,3,3
50000,1032,-0.0109892,0,3,3
50000,1033,-0.0109892,0,3,3
50000,1034,-0.0109892,0,3,3
50000,1035,-0.0109892,0,3,3
50000,1036,-0.0109892,0,3,3
50000,1037,-0.0109892,0,3,3
50000,1038,-0.0109892,0,3,3
50000,1039,-0.0109892,0,3,3
50000,1040,-0.0109892,0,3,3
50000,1041,-0.0109892,0,3,3
50000,1042,-0.0109892,0,3,3
50000,1043,-0.0109892,0,3,3
50000,1044,-0.0109892,0,3,3
50000,1045,-0.0109892,0,3,3
50000,1046,-0.0109892,0,3,3
50000,1047,-0.0109892,0,3,3
50000,1048,-0.0109892,0,3,3
50000,1049,-0.0109892,0,3,3
50000,1050,-0.0109892,0,3,3
50000,1051,-0.0109892,0,3,3
50000,1052,-0.0109892,0,3,3
50000,1053,-0.0109892,0,3,3
50000,1054,-0.0109892,0,3,3
50000,1055,-0.0109892,0,3,3
50000,1056,-0.0109892,0,3,3
50000,1057,-0.0109892,0,3,3
50000,1058,-0.0109892,0,3,3
50000,1059,-0.0109892,0,3,3
50000,1060,-0.0109892,0,3,3
50000,1061,-0.0109892,0,3,3
50000,1062,-0.0109892,0,3,3
50000,1063,-0.0109892,0,3,3
50000,1064,-0.0109892,0,3,3
50000,1065,-0.0109892,0,3,3
50000,1066,-0.0109892,0,3,3
50000,1067,-0.0109892,0,3,3
50000,1068,-0.0109892,0,3,3
50000,1069,-0.0109892,0,3,3
50000,1070,-0.0109892,0,3,3
50000,1071,-0.0109892,0,3,3
50000,1072,-0.0109892,0,3,3
50000,1073,-0.0109892,0,3,3
50000,1074,-0.0109892,0,3,3
50000,1075,-0.0109892,0,3,3
50000,1076,-0.0109892,0,3,3
50000,1077,-0.0109892,0,3,3
50000,1078,-0.0109892,0,3,3
50000,1079,-0.0109892,0,3,3
50000,1080,-0.0109892,0,3,3
50000,1081,-0.0109892,0,3,3
50000,1082,-0.0109892,0,3,3
50000,1083,-0.0109892,0,3,3
50000,1084,-0.0109892,0,3,3
50000,1085,-0.0109892,0,3,3
50000,1086,-0.0109892,0,3,3
50000,1087,-0.0109892,0,3,3
50000,1088,-0.0109892,0,3,3
50000,1089,-0.0109892,0,3,3
50000,1090,-0.0109892,0,3,3
50000,1091,-0.0109892,0,3,3
50000,1092,-0.0109892,0,3,3
50000,1093,-0.0109892,0,3,3
50000,1094,-0.0109892,0,3,3
50000,1095,-0.0109892,0,3,3
50000,1096,-0.0109892,0,3,3
50000,1097,-0.0109892,0,3,3
50000,1098,-0.0109892,0,3,3
50000,1099,-0.0109892,0,3,3
50000,1100,-0.0119899,0,3,3
50000,1101,-0.0119899,0,3,3
50000,1102,-0.0119899,0,3,3
50000,1103,-0.0119899,0,3,3
50000,1104,-0.0119899,0,3,3
50000,1105,-0.0119899,0,3,3
50000,1106,-0.0119899,0,3,3
50000,1107,-0.0119899,0,3,3
50000,1108,-0.0119899,0,3,3
50000,1109,-0.0119899,0,3,3
50000,1110,-0.0119899,0,3,3
50000,1111,-0.0119899,0,3,3
50000,1112,-0.0119899,0,3,3
50000,1113,-0.0119899,0,3,3
50000,1114,-0.0119899,0,3,3
50000,1115,-0.0119899,0,3,3
50000,1116,-0.0119899,0,3,3
50000,1117,-0.0119899,0,3,3
50000,1118,-0.0119899,0,3,3
50000,1119,-0.0119899,0,3,3
50000,1120,-0.0119899,0,3,3
50000,1121,-0.0119899,0,3,3
50000,1122,-0.0119899,0,3,3
50000,1123,-0.0119899,0,3,3
50000,1124,-0.0119899,0,3,3
50000,1125,-0.0119899,0,3,3
50000,1126,-0.0119899,0,3,3
50000,1127,-0.0119899,0,3,3
50000,1128,-0.0119899,0,3,3
50000,1129,-0.0119899,0,3,3
50000,1130,-0.0119899,0,3,3
50000,1131,-0.0119899,0,3,3
50000,1132,-0.0119899,0,3,3
50000,1133,-0.0119899,0,3,3
50000,1134,-0.0119899,0,3,3
50000,1135,-0.0119899,0,3,3
50000,1136,-0.0119899,0,3,3
50000,1137,-0.0119899,0,3,3
50000,1138,-0.0119899,0,3,3
50000,1139,-0.0119899,0,3,3
50000,1140,-0.0119899,0,3,3
50000,1141,-0.0119899,0,3,3
50000,1142,-0.0119899,0,3,3
50000,1143,-0.0119899,0,3,3
50000,1144,-0.0119899,0,3,3
50000,1145,-0.0119899,0,3,3
50000,1146,-0.0119899,0,3,3
50000,1147,-0.0119899,0,3,3
50000,1148,-0.0119899,0,3,3
50000,1149,-0.0119899,0,3,3
50000,1150,-0.0119899,0,3,3
50000,1151,-0.0119899,0,3,3
50000,1152,-0.0119899,0,3,3
50000,1153,-0.0119899,0,3,3
50000,1154,-0.0119899,0,3,3
50000,1155,-0.0119899,0,3,3
50000,1156,-0.0119899,0,3,3
50000,1157,-0.0119899,0,3,3
50000,1158,-0.0119899,0,3,3
50000,1159,-0.0119899,0,3,3
50000,1160,-0.0119899,0,3,3
50000,1161,-0.0119899,0,3,3
50000,1162,-0.0119899,0,3,3
50000,1163,-0.0119899,0,3,3
50000,1164,-0.0119899,0,3,3
50000,1165,-0.0119899,0,3,3
50000,1166,-0.0119899,0,3,3
50000,1167,-0.0119899,0,3,3
50000,1168,-0.0119899,0,3,3
50000,1169,-0.0119899,0,3,3
50000,1170,-0.0119899,0,3,3
50000,1171,-0.0119899,0,3,3
50000,1172,-0.0119899,0,3,3
50000,1173,-0.0119899,0,3,3
50000,1174,-0.0119899,0,3,3
50000,1175,-0.0119899,0,3,3
50000,1176,-0.0119899,0,3,3
50000,1177,-0.0119899,0,3,3
50000,1178,-0.0119899,0,3,3
50000,1179,-0.0119899,0,3,3
50000,1180,-0.0119899,0,3,3
50000,1181,-0.0119899,0,3,3
50000,1182,-0.0119899,0,3,3
50000,1183,-0.0119899,0,3,3
50000,1184,-0.0119899,0,3,3
50000,1185,-0.0119899,0,3,3
50000,1186,-0.0119899,0,3,3
50000,1187,-0.0119899,0,3,3
50000,1188,-0.0119899,0,3,3
50000,1189,-0.0119899,0,3,3
50000,1190,-0.0119899,0,3,3
50000,1191,-0.0119899,0,3,3
50000,1192,-0.0119899,0,3,3
50000,1193,-0.0119899,0,3,3
50000,1194,-0.0119899,0,3,3
50000,1195,-0.0119899,0,3,3
50000,1196,-0.0119899,0,3,3
50000,1197,-0.0119899,0,3,3
50000,1198,-0.0119899,0,3,3
50000,1199,-0.0119899,0,3,3
50000,1200,-0.0129906,0,3,3
50000,1201,-0.0129906,0,3,3
50000,1202,-0.0129906,0,3,3
50000,1203,-0.0129906,0,3,3
50000,1204,-0.0129906,0,3,3
50000,1205,-0.0129906,0,3,3
50000,1206,-0.0129906,0,3,3
50000,1207,-0.0129906,0,3,3
50000,1208,-0.0129906,0,3,3
50000,1209,-0.0129906,0,3,3
50000,1210,-0.0129906,0,3,3
50000,1211,-0.0129906,0,3,3
50000,1212,-0.0129906,0,3,3
50000,1213,-0.0129906,0,3,3
50000,1214,-0.0129906,0,3,3
50000,1215,-0.0129906,0,3,3
50000,1216,-0.0129906,0,3,3
50000,1217,-0.0129906,0,3,3
50000,1218,-0.0129906,0,3,3
50000,1219,-0.0129906,0,3,3
50000,1220,-0.0129906,0,3,3
50000,1221,-0.0129906,0,3,3
50000,1222,-0.0129906,0,3,3
50000,1223,-0.0129906,0,3,3
50000,1224,-0.0129906,0,3,3
50000,1225,-0.0129906,0,3,3
50000,1226,-0.0129906,0,3,3
50000,1227,-0.0129906,0,3,3
50000,1228,-0.0129906,0,3,3
50000,1229,-0.0129906,0,3,3
50000,1230,-0.0129906,0,3,3
50000,1231,-0.0129906,0,3,3
50000,1232,-0.0129906,0,3,3
50000,1233,-0.0129906,0,3,3
50000,1234,-0.0129906,0,3,3
50000,1235,-0.0129906,0,3,3
50000,1236,-0.0129906,0,3,3
50000,1237,-0.0129906,0,3,3
50000,1238,-0.0129906,0,3,3
50000,1239,-0.0129906,0,3,3
50000,1240,-0.0129906,0,3,3
50000,1241,-0.0129906,0,3,3
50000,1242,-0.0129906,0,3,3
50000,1243,-0.0129906,0,3,3
50000,1244,-0.0129906,0,3,3
50000,1245,-0.0129906,0,3,3
50000,1246,-0.0129906,0,3,3
50000,1247,-0.0129906,0,3,3
50000,1248,-0.0129906,0,3,3
50000,1249,-0.0129906,0,3,3
50000,1250,-0.0129906,0,3,3
50000,1251,-0.0129906,0,3,3
50000,1252,-0.0129906,0,3,3
50000,1253,-0.0129906,0,3,3
50000,1254,-0.0129906,0,3,3
50000,1255,-0.0129906,0,3,3
50000,1256,-0.0129906,0,3,3
50000,1257,-0.0129906,0,3,3
50000,1258,-0.0129906,0,3,3
50000,1259,-0.0129906,0,3,3
50000,1260,-0.0129906,0,3,3
50000,1261,-0.0129906,0,3,3
50000,1262,-0.0129906,0,3,3
50000,1263,-0.0129906,0,3,3
50000,1264,-0.0129906,0,3,3
50000,1265,-0.0129906,0,3,3
50000,1266,-0.0129906,0,3,3
50000,1267,-0.0129906,0,3,3
50000,1268,-0.0129906,0,3,3
50000,1269,-0.0129906,0,3,3
50000,1270,-0.0129906,0,3,3
50000,1271,-0.0129906,0,3,3
50000,1272,-0.0129906,0,3,3
50000,1273,-0.0129906,0,3,3
50000,1274,-0.0129906,0,3,3
50000,1275,-0.0129906,0,3,3
50000,1276,-0.0129906,0,3,3
50000,1277,-0.0129906,0,3,3
50000,1278,-0.0129906,0,3,3
50000,1279,-0.0129906,0,3,3
50000,1280,-0.0129906,0,3,3
50000,1281,-0.0129906,0,3,3
50000,1282,-0.0129906,0,3,3
50000,1283,-0.0129906,0,3,3
50000,1284,-0.0129906,0,3,3
50000,1285,-0.0129906,0,3,3
50000,1286,-0.0129906,0,3,3
50000,1287,-0.0129906,0,3,3
50000,1288,-0.0129906,0,3,3
50000,1289,-0.0129906,0,3,3
50000,1290,-0.0129906,0,3,3
50000,1291,-0.0129906,0,3,3
50000,1292,-0.0129906,0,3,3
50000,1293,-0.0129906,0,3,3
50000,1294,-0.0129906,0,3,3
50000,1295,-0.0129906,0,3,3
50000,1296,-0.0129906,0,3,3
50000,1297,-0.0129906,0,3,3
50000,1298,-0.0129906,0,3,3
50000,1299,-0.0129906,0,3,3
50000,1300,-0.0139914,0,3,3
50000,1301,-0.0139914,0,3,3
50000,1302,-0.0139914,0,3,3
50000,1303,-0.0139914,0,3,3
50000,1304,-0.0139914,0,3,3
50000,1305,-0.0139914,0,3,3
50000,1306,-0.0139914,0,3,3
50000,1307,-0.0139914,0,3,3
50000,1308,-0.0139914,0,3,3
50000,1309,-0.0139914,0,3,3
50000,1310,-0.0139914,0,3,3
50000,1311,-0.0139914,0,3,3
50000,1312,-0.0139914,0,3,3
50000,1313,-0.0139914,0,3,3
50000,1314,-0.0139914,0,3,3
50000,1315,-0.0139914,0,3,3
50000,1316,-0.0139914,0,3,3
50000,1317,-0.0139914,0,3,3
50000,1318,-0.0139914,0,3,3
50000,1319,-0.0139914,0,3,3
50000,1320,-0.0139914,0,3,3
50000,1321,-0.0139914,0,3,3
50000,1322,-0.0139914,0,3,3
50000,1323,-0.0139914,0,3,3
50000,1324,-0.0139914,0,3,3
50000,1325,-0.0139914,0,3,3
50000,1326,-0.0139914,0,3,3
50000,1327,-0.0139914,0,3,3
50000,1328,-0.0139914,0,3,3
50000,1329,-0.0139914,0,3,3
50000,1330,-0.0139914,0,3,3
50000,1331,-0.0139914,0,3,3
50000,1332,-0.0139914,0,3,3
50000,1333,-0.0139914,0,3,3
50000,1334,-0.0139914,0,3,3
50000,1335,-0.0139914,0,3,3
50000,1336,-0.0139914,0,3,3
50000,1337,-0.0139914,0,3,3
50000,1338,-0.0139914,0,3,3
50000,1339,-0.0139914,0,3,3
50000,1340,-0.0139914,0,3,3
50000,1341,-0.0139914,0,3,3
50000,1342,-0.0139914,0,3,3
50000,1343,-0.0139914,0,3,3
50000,1344,-0.0139914,0,3,3
50000,1345,-0.0139914,0,3,3
50000,1346,-0.0139914,0,3,3
50000,1347,-0.0139914,0,3,3
50000,1348,-0.0139914,0,3,3
50000,1349,-0.0139914,0,3,3
50000,1350,-0.0139914,0,3,3
50000,1351,-0.0139914,0,3,3
50000,1352,-0.0139914,0,3,3
50000,1353,-0.0139914,0,3,3
50000,1354,-0.0139914,0,3,3
50000,1355,-0.0139914,0,3,3
50000,1356,-0.0139914,0,3,3
50000,1357,-0.0139914,0,3,3
50000,1358,-0.0139914,0,3,3
50000,1359,-0.0139914,0,3,3
50000,1360,-0.0139914,0,3,3
50000,1361,-0.0139914,0,3,3
50000,1362,-0.0139914,0,3,3
50000,1363,-0.0139914,0,3,3
50000,1364,-0.0139914,0,3,3
50000,1365,-0.0139914,0,3,3
50000,1366,-0.0139914,0,3,3
50000,1367,-0.0139914,0,3,3
50000,1368,-0.0139914,0,3,3
50000,1369,-0.0139914,0,3,3
50000,1370,-0.0139914,0,3,3
50000,1371,-0.0139914,0,3,3
50000,1372,-0.0139914,0,3,3
50000,1373,-0.0139914,0,3,3
50000,1374,-0.0139914,0,3,3
50000,1375,-0.0139914,0,3,3
50000,1376,-0.0139914,0,3,3
50000,1377,-0.0139914,0,3,3
50000,1378,-0.0139914,0,3,3
50000,1379,-0.0139914,0,3,3
50000,1380,-0.0139914,0,3,3
50000,1381,-0.0139914,0,3,3
50000,1382,-0.0139914,0,3,3
50000,1383,-0.0139914,0,3,3
50000,1384,-0.0139914,0,3,3
50000,1385,-0.0139914,0,3,3
50000,1386,-0.0139914,0,3,3
50000,1387,-0.0139914,0,3,3
50000,1388,-0.0139914,0,3,3
50000,1389,-0.0139914,0,3,3
50000,1390,-0.0139914,0,3,3
50000,1391,-0.0139914,0,3,3
50000,1392,-0.0139914,0,3,3
50000,1393,-0.0139914,0,3,3
50000,1394,-0.0139914,0,3,3
50000,1395,-0.0139914,0,3,3
50000,1396,-0.0139914,0,3,3
50000,1397,-0.0139914,0,3,3
50000,1398,-0.0139914,0,3,3
50000,1399,-0.0139914,0,3,3
50000,1400,-0.0149922,0,3,3
50000,1401,-0.0149922,0,3,3
50000,1402,-0.0149922,0,3,3
50000,1403,-0.0149922,0,3,3
50000,1404,-0.0149922,0,3,3
50000,1405,-0.0149922,0,3,3
50000,1406,-0.0149922,0,3,3
50000,1407,-0.0149922,0,3,3
50000,1408,-0.0149922,0,3,3
50000,1409,-0.0149922,0,3,3
50000,1410,-0.0149922,0,3,3
50000,1411,-0.0149922,0,3,3
50000,1412,-0.0149922,0,3,3
50000,1413,-0.0149922,0,3,3
50000,1414,-0.0149922,0,3,3
50000,1415,-0.0149922,0,3,3
50000,1416,-0.0149922,0,3,3
50000,1417,-0.0149922,0,3,3
50000,1418,-0.0149922,0,3,3
50000,1419,-0.0149922,0,3,3
50000,1420,-0.0149922,0,3,3
50000,1421,-0.0149922,0,3,3
50000,1422,-0.0149922,0,3,3
50000,1423,-0.0149922,0,3,3
50000,1424,-0.0149922,0,3,3
50000,1425,-0.0149922,0,3,3
50000,1426,-0.0149922,0,3,3
50000,1427,-0.0149922,0,3,3
50000,1428,-0.0149922,0,3,3
50000,1429,-0.0149922,0,3,3
50000,1430,-0.0149922,0,3,3
50000,1431,-0.0149922,0,3,3
50000,1432,-0.0149922,0,3,3
50000,1433,-0.0149922,0,3,3
50000,1434,-0.0149922,0,3,3
50000,1435,-0.0149922,0,3,3
50000,1436,-0.0149922,0,3,3
50000,1437,-0.0149922,0,3,3
50000,1438,-0.0149922,0,3,3
50000,1439,-0.0149922,0,3,3
50000,1440,-0.0149922,0,3,3
50000,1441,-0.0149922,0,3,3
50000,1442,-0.0149922,0,3,3
50000,1443,-0.0149922,0,3,3
50000,1444,-0.0149922,0,3,3
50000,1445,-0.0149922,0,3,3
50000,1446,-0.0149922,0,3,3
50000,1447,-0.0149922,0,3,3
50000,1448,-0.0149922,0,3,3
50000,1449,-0.0149922,0,3,3
50000,1450,-0.0149922,0,3,3
50000,1451,-0.0149922,0,3,3
50000,1452,-0.0149922,0,3,3
50000,1453,-0.0149922,0,3,3
50000,1454,-0.0149922,0,3,3
50000,1455,-0.0149922,0,3,3
50000,1456,-0.0149922,0,3,3
50000,1457,-0.0149922,0,3,3
50000,1458,-0.0149922,0,3,3
50000,1459,-0.0149922,0,3,3
50000,1460,-0.0149922,0,3,3
50000,1461,-0.0149922,0,3,3
50000,1462,-0.0149922,0,3,3
50000,1463,-0.0149922,0,3,3
50000,1464,-0.0149922,0,3,3
50000,1465,-0.0149922,0,3,3
50000,1466,-0.0149922,0,3,3
50000,1467,-0.0149922,0,3,3
50000,1468,-0.0149922,0,3,3
50000,1469,-0.0149922,0,3,3
50000,1470,-0.0149922,0,3,3
50000,1471,-0.0149922,0,3,3
50000,1472,-0.0149922,0,3,3
50000,1473,-0.0149922,0,3,3
50000,1474,-0.0149922,0,3,3
50000,1475,-0.0149922,0,3,3
50000,1476,-0.0149922,0,3,3
50000,1477,-0.0149922,0,3,3
50000,1478,-0.0149922,0,3,3
50000,1479,-0.0149922,0,3,3
50000,1480,-0.0149922,0,3,3
50000,1481,-0.0149922,0,3,3
50000,1482,-0.0149922,0,3,3
50000,1483,-0.0149922,0,3,3
50000,1484,-0.0149922,0,3,3
50000,1485,-0.0149922,0,3,3
50000,1486,-0.0149922,0,3,3
50000,1487,-0.0149922,0,3,3
50000,1488,-0.0149922,0,3,3
50000,1489,-0.0149922,0,3,3
50000,1490,-0.0149922,0,3,3
50000,1491,-0.0149922,0,3,3
50000,1492,-0.0149922,0,3,3
50000,1493,-0.0149922,0,3,3
50000,1494,-0.0149922,0,3,3
50000,1495,-0.0149922,0,3,3
50000,1496,-0.0149922,0,3,3
50000,1497,-0.0149922,0,3,3
50000,1498,-0.0149922,0,3,3
50000,1499,-0.0149922,0,3,3
50000,1500,-0.0159929,0,3,3
50000,1501,-0.0159929,0,3,3
50000,1502,-0.0159929,0,3,3
50000,1503,-0.0159929,0,3,3
50000,1504,-0.0159929,0,3,3
50000,1505,-0.0159929,0,3,3
50000,1506,-0.0159929,0,3,3
50000,1507,-0.0159929,0,3,3
50000,1508,-0.0159929,0,3,3
50000,1509,-0.0159929,0,3,3
50000,1510,-0.0159929,0,3,3
50000,1511,-0.0159929,0,3,3
50000,1512,-0.0159929,0,3,3
50000,1513,-0.0159929,0,3,3
50000,1514,-0.0159929,0,3,3
50000,1515,-0.0159929,0,3,3
50000,1516,-0.0159929,0,3,3
50000,1517,-0.0159929,0,3,3
50000,1518,-0.0159929,0,3,3
50000,1519,-0.0159929,0,3,3
50000,1520,-0.0159929,0,3,3
50000,1521,-0.0159929,0,3,3
50000,1522,-0.0159929,0,3,3
50000,1523,-0.0159929,0,3,3
50000,1524,-0.0159929,0,3,3
50000,1525,-0.0159929,0,3,3
50000,1526,-0.0159929,0,3,3
50000,1527,-0.0159929,0,3,3
50000,1528,-0.0159929,0,3,3
50000,1529,-0.0159929,0,3,3
50000,1530,-0.0159929,0,3,3
50000,1531,-0.0159929,0,3,3
50000,1532,-0.0159929,0,3,3
50000,1533,-0.0159929,0,3,3
50000,1534,-0.0159929,0,3,3
50000,1535,-0.0159929,0,3,3
50000,1536,-0.0159929,0,3,3
50000,1537,-0.0159929,0,3,3
50000,1538,-0.0159929,0,3,3
50000,1539,-0.0159929,0,3,3
50000,1540,-0.0159929,0,3,3
50000,1541,-0.0159929,0,3,3
50000,1542,-0.0159929,0,3,3
50000,1543,-0.0159929,0,3,3
50000,1544,-0.0159929,0,3,3
50000,1545,-0.0159929,0,3,3
50000,1546,-0.0159929,0,3,3
50000,1547,-0.0159929,0,3,3
50000,1548,-0.0159929,0,3,3
50000,1549,-0.0159929,0,3,3
50000,1550,-0.0159929,0,3,3
50000,1551,-0.0159929,0,3,3
50000,1552,-0.0159929,0,3,3
50000,1553,-0.0159929,0,3,3
50000,1554,-0.0159929,0,3,3
50000,1555,-0.0159929,0,3,3
50000,1556,-0.0159929,0,3,3
50000,1557,-0.0159929,0,3,3
50000,1558,-0.0159929,0,3,3
50000,1559,-0.0159929,0,3,3
50000,1560,-0.0159929,0,3,3
50000,1561,-0.0159929,0,3,3
50000,1562,-0.0159929,0,3,3
50000,1563,-0.0159929,0,3,3
50000,1564,-0.0159929,0,3,3
50000,1565,-0.0159929,0,3,3
50000,1566,-0.0159929,0,3,3
50000,1567,-0.0159929,0,3,3
50000,1568,-0.0159929,0,3,3
50000,1569,-0.0159929,0,3,3
50000,1570,-0.0159929,0,3,3
50000,1571,-0.0159929,0,3,3
50000,1572,-0.0159929,0,3,3
50000,1573,-0.0159929,0,3,3
50000,1574,-0.0159929,0,3,3
50000,1575,-0.0159929,0,3,3
50000,1576,-0.0159929,0,3,3
50000,1577,-0.0159929,0,3,3
50000,1578,-0.0159929,0,3,3
50000,1579,-0.0159929,0,3,3
50000,1580,-0.0159929,0,3,3
50000,1581,-0.0159929,0,3,3
50000,1582,-0.0159929,0,3,3
50000,1583,-0.0159929,0,3,3
50000,1584,-0.0159929,0,3,3
50000,1585,-0.0159929,0,3,3
50000,1586,-0.0159929,0,3,3
50000,1587,-0.0159929,0,3,3
50000,1588,-0.0159929,0,3,3
50000,1589,-0.0159929,0,3,3
50000,1590,-0.0159929,0,3,3
50000,1591,-0.0159929,0,3,3
50000,1592,-0.0159929,0,3,3
50000,1593,-0.0159929,0,3,3
50000,1594,-0.0159929,0,3,3
50000,1595,-0.0159929,0,3,3
50000,1596,-0.0159929,0,3,3
50000,1597,-0.0159929,0,3,3
50000,1598,-0.0159929,0,3,3
50000,1599,-0.0159929,0,3,3
50000,1600,-0.0169938,0,3,3
50000,1601,-0.0169938,0,3,3
50000,1602,-0.0169938,0,3,3
50000,1603,-0.0169938,0,3,3
50000,1604,-0.0169938,0,3,3
50000,1605,-0.0169938,0,3,3
50000,1606,-0.0169938,0,3,3
50000,1607,-0.0169938,0,3,3
50000,1608,-0.0169938,0,3,3
50000,1609,-0.0169938,0,3,3
50000,1610,-0.0169938,0,3,3
50000,1611,-0.0169938,0,3,3
50000,1612,-0.0169938,0,3,3
50000,1613,-0.0169938,0,3,3
50000,1614,-0.0169938,0,3,3
50000,1615,-0.0169938,0,3,3
50000,1616,-0.0169938,0,3,3
50000,1617,-0.0169938,0,3,3
50000,1618,-0.0169938,0,3,3
50000,1619,-0.0169938,0,3,3
50000,1620,-0.0169938,0,3,3
50000,1621,-0.0169938,0,3,3
50000,1622,-0.0169938,0,3,3
50000,1623,-0.0169938,0,3,3
50000,1624,-0.0169938,0,3,3
50000,1625,-0.0169938,0,3,3
50000,1626,-0.0169938,0,3,3
50000,1627,-0.0169938,0,3,3
50000,1628,-0.0169938,0,3,3
50000,1629,-0.0169938,0,3,3
50000,1630,-0.0169938,0,3,3
50000,1631,-0.0169938,0,3,3
50000,1632,-0.0169938,0,3,3
50000,1633,-0.0169938,0,3,3
50000,1634,-0.0169938,0,3,3
50000,1635,-0.0169938,0,3,3
50000,1636,-0.0169938,0,3,3
50000,1637,-0.0169938,0,3,3
50000,1638,-0.0169938,0,3,3
50000,1639,-0.0169938,0,3,3
50000,1640,-0.0169938,0,3,3
50000,1641,-0.0169938,0,3,3
50000,1642,-0.0169938,0,3,3
50000,1643,-0.0169938,0,3,3
50000,1644,-0.0169938,0,3,3
50000,1645,-0.0169938,0,3,3
50000,1646,-0.0169938,0,3,3
50000,1647,-0.0169938,0,3,3
50000,1648,-0.0169938,0,3,3
50000,1649,-0.0169938,0,3,3
50000,1650,-0.0169938,0,3,3
50000,1651,-0.0169938,0,3,3
50000,1652,-0.0169938,0,3,3
50000,1653,-0.0169938,0,3,3
50000,1654,-0.0169938,0,3,3
50000,1655,-0.0169938,0,3,3
50000,1656,-0.0169938,0,3,3
50000,1657,-0.0169938,0,3,3
50000,1658,-0.0169938,0,3,3
50000,1659,-0.0169938,0,3,3
50000,1660,-0.0169938,0,3,3
50000,1661,-0.0169938,0,3,3
50000,1662,-0.0169938,0,3,3
50000,1663,-0.0169938,0,3,3
50000,1664,-0.0169938,0,3,3
50000,1665,-0.0169938,0,3,3
50000,1666,-0.0169938,0,3,3
50000,1667,-0.0169938,0,3,3
50000,1668,-0.0169938,0,3,3
50000,1669,-0.0169938,0,3,3
50000,1670,-0.0169938,0,3,3
50000,1671,-0.0169938,0,3,3
50000,1672,-0.0169938,0,3,3
50000,1673,-0.0169938,0,3,3
50000,1674,-0.0169938,0,3,3
50000,1675,-0.0169938,0,3,3
50000,1676,-0.0169938,0,3,3
50000,1677,-0.0169938,0,3,3
50000,1678,-0.0169938,0,3,3
50000,1679,-0.0169938,0,3,3
50000,1680,-0.0169938,0,3,3
50000,1681,-0.0169938,0,3,3
50000,1682,-0.0169938,0,3,3
50000,1683,-0.0169938,0,3,3
50000,1684,-0.0169938,0,3,3
50000,1685,-0.0169938,0,3,3
50000,1686,-0.0169938,0,3,3
50000,1687,-0.0169938,0,3,3
50000,1688,-0.0169938,0,3,3
50000,1689,-0.0169938,0,3,3
50000,1690,-0.0169938,0,3,3
50000,1691,-0.0169938,0,3,3
50000,1692,-0.0169938,0,3,3
50000,1693,-0.0169938,0,3,3
50000,1694,-0.0169938,0,3,3
50000,1695,-0.0169938,0,3,3
50000,1696,-0.0169938,0,3,3
50000,1697,-0.0169938,0,3,3
50000,1698,-0.0169938,0,3,3
50000,1699,-0.0169938,0,3,3
50000,1700,-0.0179946,0,3,3
50000,1701,-0.0179946,0,3,3
50000,1702,-0.0179946,0,3,3
50000,1703,-0.0179946,0,3,3
50000,1704,-0.0179946,0,3,3
50000,1705,-0.0179946,0,3,3
50000,1706,-0.0179946,0,3,3
50000,1707,-0.0179946,0,3,3
50000,1708,-0.0179946,0,3,3
50000,1709,-0.0179946,0,3,3
50000,1710,-0.0179946,0,3,3
50000,1711,-0.0179946,0,3,3
50000,1712,-0.0179946,0,3,3
50000,1713,-0.0179946,0,3,3
50000,1714,-0.0179946,0,3,3
50000,1715,-0.0179946,0,3,3
50000,1716,-0.0179946,0,3,3
50000,1717,-0.0179946,0,3,3
50000,1718,-0.0179946,0,3,3
50000,1719,-0.0179946,0,3,3
50000,1720,-0.0179946,0,3,3
50000,1721,-0.0179946,0,3,3
50000,1722,-0.0179946,0,3,3
50000,1723,-0.0179946,0,3,3
50000,1724,-0.0179946,0,3,3
50000,1725,-0.0179946,0,3,3
50000,1726,-0.0179946,0,3,3
50000,1727,-0.0179946,0,3,3
50000,1728,-0.0179946,0,3,3
50000,1729,-0.0179946,0,3,3
50000,1730,-0.0179946,0,3,3
50000,1731,-0.0179946,0,3,3
50000,1732,-0.0179946,0,3,3
50000,1733,-0.0179946,0,3,3
50000,1734,-0.0179946,0,3,3
50000,1735,-0.0179946,0,3,3
50000,1736,-0.0179946,0,3,3
50000,1737,-0.0179946,0,3,3
50000,1738,-0.0179946,0,3,3
50000,1739,-0.0179946,0,3,3
50000,1740,-0.0179946,0,3,3
50000,1741,-0.0179946,0,3,3
50000,1742,-0.0179946,0,3,3
50000,1743,-0.0179946,0,3,3
50000,1744,-0.0179946,0,3,3
50000,1745,-0.0179946,0,3,3
50000,1746,-0.0179946,0,3,3
50000,1747,-0.0179946,0,3,3
50000,1748,-0.0179946,0,3,3
50000,1749,-0.0179946,0,3,3
50000,1750,-0.0179946,0,3,3
50000,1751,-0.0179946,0,3,3
50000,1752,-0.0179946,0,3,3
50000,1753,-0.0179946,0,3,3
50000,1754,-0.0179946,0,3,3
50000,1755,-0.0179946,0,3,3
50000,1756,-0.0179946,0,3,3
50000,1757,-0.0179946,0,3,3
50000,1758,-0.0179946,0,3,3
50000,1759,-0.0179946,0,3,3
50000,1760,-0.0179946,0,3,3
50000,1761,-0.0179946,0,3,3
50000,1762,-0.0179946,0,3,3
50000,1763,-0.0179946,0,3,3
50000,1764,-0.0179946,0,3,3
50000,1765,-0.0179946,0,3,3
50000,1766,-0.0179946,0,3,3
50000,1767,-0.0179946,0,3,3
50000,1768,-0.0179946,0,3,3
50000,1769,-0.0179946,0,3,3
50000,1770,-0.0179946,0,3,3
50000,1771,-0.0179946,0,3,3
50000,1772,-0.0179946,0,3,3
50000,1773,-0.0179946,0,3,3
50000,1774,-0.0179946,0,3,3
50000,1775,-0.0179946,0,3,3
50000,1776,-0.0179946,0,3,3
50000,1777,-0.0179946,0,3,3
50000,1778,-0.0179946,0,3,3
50000,1779,-0.0179946,0,3,3
50000,1780,-0.0179946,0,3,3
50000,1781,-0.0179946,0,3,3
50000,1782,-0.0179946,0,3,3
50000,1783,-0.0179946,0,3,3
50000,1784,-0.0179946,0,3,3
50000,1785,-0.0179946,0,3,3
50000,1786,-0.0179946,0,3,3
50000,1787,-0.0179946,0,3,3
50000,1788,-0.0179946,0,3,3
50000,1789,-0.0179946,0,3,3
50000,1790,-0.0179946,0,3,3
50000,1791,-0.0179946,0,3,3
50000,1792,-0.0179946,0,3,3
50000,1793,-0.0179946,0,3,3
50000,1794,-0.0179946,0,3,3
50000,1795,-0.0179946,0,3,3
50000,1796,-0.0179946,0,3,3
50000,1797,-0.0179946,0,3,3
50000,1798,-0.0179946,0,3,3
50000,1799,-0.0179946,0,3,3
50000,1800,-0.0189954,0,3,3
50000,1801,-0.0189954,0,3,3
50000,1802,-0.0189954,0,3,3
50000,1803,-0.0189954,0,3,3
50000,1804,-0.0189954,0,3,3
50000,1805,-0.0189954,0,3,3
50000,1806,-0.0189954,0,3,3
50000,1807,-0.0189954,0,3,3
50000,1808,-0.0189954,0,3,3
50000,1809,-0.0189954,0,3,3
50000,1810,-0.0189954,0,3,3
50000,1811,-0.0189954,0,3,3
50000,1812,-0.0189954,0,3,3
50000,1813,-0.0189954,0,3,3
50000,1814,-0.0189954,0,3,3
50000,1815,-0.0189954,0,3,3
50000,1816,-0.0189954,0,3,3
50000,1817,-0.0189954,0,3,3
50000,1818,-0.0189954,0,3,3
50000,1819,-0.0189954,0,3,3
50000,1820,-0.0189954,0,3,3
50000,1821,-0.0189954,0,3,3
50000,1822,-0.0189954,0,3,3
50000,1823,-0.0189954,0,3,3
50000,1824,-0.0189954,0,3,3
50000,1825,-0.0189954,0,3,3
50000,1826,-0.0189954,0,3,3
50000,1827,-0.0189954,0,3,3
50000,1828,-0.0189954,0,3,3
50000,1829,-0.0189954,0,3,3
50000,1830,-0.0189954,0,3,3
50000,1831,-0.0189954,0,3,3
50000,1832,-0.0189954,0,3,3
50000,1833,-0.0189954,0,3,3
50000,1834,-0.0189954,0,3,3
50000,1835,-0.0189954,0,3,3
50000,1836,-0.0189954,0,3,3
50000,1837,-0.0189954,0,3,3
50000,1838,-0.0189954,0,3,3
50000,1839,-0.0189954,0,3,3
50000,1840,-0.0189954,0,3,3
50000,1841,-0.0189954,0,3,3
50000,1842,-0.0189954,0,3,3
50000,1843,-0.0189954,0,3,3
50000,1844,-0.0189954,0,3,3
50000,1845,-0.0189954,0,3,3
50000,1846,-0.0189954,0,3,3
50000,1847,-0.0189954,0,3,3
50000,1848,-0.0189954,0,3,3
50000,1849,-0.0189954,0,3,3
50000,1850,-0.0189954,0,3,3
50000,1851,-0.0189954,0,3,3
50000,1852,-0.0189954,0,3,3
50000,1853,-0.0189954,0,3,3
50000,1854,-0.0189954,0,3,3
50000,1855,-0.0189954,0,3,3
50000,1856,-0.0189954,0,3,3
50000,1857,-0.0189954,0,3,3
50000,1858,-0.0189954,0,3,3
50000,1859,-0.0189954,0,3,3
50000,1860,-0.0189954,0,3,3
50000,1861,-0.0189954,0,3,3
50000,1862,-0.0189954,0,3,3
50000,1863,-0.0189954,0,3,3
50000,1864,-0.0189954,0,3,3
50000,1865,-0.0189954,0,3,3
50000,1866,-0.0189954,0,3,3
50000,1867,-0.0189954,0,3,3
50000,1868,-0.0189954,0,3,3
50000,1869,-0.0189954,0,3,3
50000,1870,-0.0189954,0,3,3
50000,1871,-0.0189954,0,3,3
50000,1872,-0.0189954,0,3,3
50000,1873,-0.0189954,0,3,3
50000,1874,-0.0189954,0,3,3
50000,1875,-0.0189954,0,3,3
50000,1876,-0.0189954,0,3,3
50000,1877,-0.0189954,0,3,3
50000,1878,-0.0189954,0,3,3
50000,1879,-0.0189954,0,3,3
50000,1880,-0.0189954,0,3,3
50000,1881,-0.0189954,0,3,3
50000,1882,-0.0189954,0,3,3
50000,1883,-0.0189954,0,3,3
50000,1884,-0.0189954,0,3,3
50000,1885,-0.0189954,0,3,3
50000,1886,-0.0189954,0,3,3
50000,1887,-0.0189954,0,3,3
50000,1888,-0.0189954,0,3,3
50000,1889,-0.0189954,0,3,3
50000,1890,-0.0189954,0,3,3
50000,1891,-0.0189954,0,3,3
50000,1892,-0.0189954,0,3,3
50000,1893,-0.0189954,0,3,3
50000,1894,-0.0189954,0,3,3
50000,1895,-0.0189954,0,3,3
50000,1896,-0.0189954,0,3,3
50000,1897,-0.0189954,0,3,3
50000,1898,-0.0189954,0,3,3
50000,1899,-0.0189954,0,3,3
50000,1900,-0.0199963,0,3,3
50000,1901,-0.0199963,0,3,3
50000,1902,-0.0199963,0,3,3
50000,1903,-0.0199963,0,3,3
50000,1904,-0.0199963,0,3,3
50000,1905,-0.0199963,0,3,3
50000,1906,-0.0199963,0,3,3
50000,1907,-0.0199963,0,3,3
50000,1908,-0.0199963,0,3,3
50000,1909,-0.0199963,0,3,3
50000,1910,-0.0199963,0,3,3
50000,1911,-0.0199963,0,3,3
50000,1912,-0.0199963,0,3,3
50000,1913,-0.0199963,0,3,3
50000,1914,-0.0199963,0,3,3
50000,1915,-0.0199963,0,3,3
50000,1916,-0.0199963,0,3,3
50000,1917,-0.0199963,0,3,3
50000,1918,-0.0199963,0,3,3
50000,1919,-0.0199963,0,3,3
50000,1920,-0.0199963,0,3,3
50000,1921,-0.0199963,0,3,3
50000,1922,-0.0199963,0,3,3
50000,1923,-0.0199963,0,3,3
50000,1924,-0.0199963,0,3,3
50000,1925,-0.0199963,0,3,3
50000,1926,-0.0199963,0,3,3
50000,1927,-0.0199963,0,3,3
50000,1928,-0.0199963,0,3,3
50000,1929,-0.0199963,0,3,3
50000,1930,-0.0199963,0,3,3
50000,1931,-0.0199963,0,3,3
50000,1932,-0.0199963,0,3,3
50000,1933,-0.0199963,0,3,3
50000,1934,-0.0199963,0,3,3
50000,1935,-0.0199963,0,3,3
50000,1936,-0.0199963,0,3,3
50000,1937,-0.0199963,0,3,3
50000,1938,-0.0199963,0,3,3
50000,1939,-0.0199963,0,3,3
50000,1940,-0.0199963,0,3,3
50000,1941,-0.0199963,0,3,3
50000,1942,-0.0199963,0,3,3
50000,1943,-0.0199963,0,3,3
50000,1944,-0.0199963,0,3,3
50000,1945,-0.0199963,0,3,3
50000,1946,-0.0199963,0,3,3
50000,1947,-0.0199963,0,3,3
50000,1948,-0.0199963,0,3,3
50000,1949,-0.0199963,0,3,3
50000,1950,-0.0199963,0,3,3
50000,1951,-0.0199963,0,3,3
50000,1952,-0.0199963,0,3,3
50000,1953,-0.0199963,0,3,3
50000,1954,-0.0199963,0,3,3
50000,1955,-0.0199963,0,3,3
50000,1956,-0.0199963,0,3,3
50000,1957,-0.0199963,0,3,3
50000,1958,-0.0199963,0,3,3
50000,1959,-0.0199963,0,3,3
50000,1960,-0.0199963,0,3,3
50000,1961,-0.0199963,0,3,3
50000,1962,-0.0199963,0,3,3
50000,1963,-0.0199963,0,3,3
50000,1964,-0.0199963,0,3,3
50000,1965,-0.0199963,0,3,3
50000,1966,-0.0199963,0,3,3
50000,1967,-0.0199963,0,3,3
50000,1968,-0.0199963,0,3,3
50000,1969,-0.0199963,0,3,3
50000,1970,-0.0199963,0,3,3
50000,1971,-0.0199963,0,3,3
50000,1972,-0.0199963,0,3,3
50000,1973,-0.0199963,0,3,3
50000,1974,-0.0199963,0,3,3
50000,1975,-0.0199963,0,3,3
50000,1976,-0.0199963,0,3,3
50000,1977,-0.0199963,0,3,3
50000,1978,-0.0199963,0,3,3
50000,1979,-0.0199963,0,3,3
50000,1980,-0.0199963,0,3,3
50000,1981,-0.0199963,0,3,3
50000,1982,-0.0199963,0,3,3
50000,1983,-0.0199963,0,3,3
50000,1984,-0.0199963,0,3,3
50000,1985,-0.0199963,0,3,3
50000,1986,-0.0199963,0,3,3
50000,1987,-0.0199963,0,3,3
50000,1988,-0.0199963,0,3,3
50000,1989,-0.0199963,0,3,3
50000,1990,-0.0199963,0,3,3
50000,1991,-0.0199963,0,3,3
50000,1992,-0.0199963,0,3,3
50000,1993,-0.0199963,0,3,3
50000,1994,-0.0199963,0,3,3
50000,1995,-0.0199963,0,3,3
50000,1996,-0.0199963,0,3,3
50000,1997,-0.0199963,0,3,3
50000,1998,-0.0199963,0,3,3
50000,1999,-0.0199963,0,3,3
50000,2000,-0.0209972,0,2,2
50000,2001,-0.0209972,0,2,2
50000,2002,-0.0209972,0,2,2
50000,2003,-0.0209972,0,2,2
50000,2004,-0.0209972,0,2,2
50000,2005,-0.0209972,0,2,2
50000,2006,-0.0209972,0,2,2
50000,2007,-0.0209972,0,2,2
50000,2008,-0.0209972,0,2,2
50000,2009,-0.0209972,0,2,2
50000,2010,-0.0209972,0,2,2
50000,2011,-0.0209972,0,2,2
50000,2012,-0.0209972,0,2,2
50000,2013,-0.0209972,0,2,2
50000,2014,-0.0209972,0,2,2
50000,2015,-0.0209972,0,2,2
50000,2016,-0.0209972,0,2,2
50000,2017,-0.0209972,0,2,2
50000,2018,-0.0209972,0,2,2
50000,2019,-0.0209972,0,2,2
50000,2020,-0.0209972,0,2,2
50000,2021,-0.0209972,0,2,2
50000,2022,-0.0209972,0,2,2
50000,2023,-0.0209972,0,2,2
50000,2024,-0.0209972,0,2,2
50000,2025,-0.0209972,0,2,2
50000,2026,-0.0209972,0,2,2
50000,2027,-0.0209972,0,2,2
50000,2028,-0.0209972,0,2,2
50000,2029,-0.0209972,0,2,2
50000,2030,-0.0209972,0,2,2
50000,2031,-0.0209972,0,2,2
50000,2032,-0.0209972,0,2,2
50000,2033,-0.0209972,0,2,2
50000,2034,-0.0209972,0,2,2
50000,2035,-0.0209972,0,2,2
50000,2036,-0.0209972,0,2,2
50000,2037,-0.0209972,0,2,2
50000,2038,-0.0209972,0,2,2
50000,2039,-0.0209972,0,2,2
50000,2040,-0.0209972,0,2,2
50000,2041,-0.0209972,0,2,2
50000,2042,-0.0209972,0,2,2
50000,2043,-0.0209972,0,2,2
50000,2044,-0.0209972,0,2,2
50000,2045,-0.0209972,0,2,2
50000,2046,-0.0209972,0,2,2
50000,2047,-0.0209972,0,2,2
50000,2048,-0.0209972,0,2,2
50000,2049,-0.0209972,0,2,2
50000,2050,-0.0209972,0,2,2
50000,2051,-0.0209972,0,2,2
50000,2052,-0.0209972,0,2,2
50000,2053,-0.0209972,0,2,2
50000,2054,-0.0209972,0,2,2
50000,2055,-0.0209972,0,2,2
50000,2056,-0.0209972,0,2,2
50000,2057,-0.0209972,0,2,2
50000,2058,-0.0209972,0,2,2
50000,2059,-0.0209972,0,2,2
50000,2060,-0.0209972,0,2,2
50000,2061,-0.0209972,0,2,2
50000,2062,-0.0209972,0,2,2
50000,2063,-0.0209972,0,2,2
50000,2064,-0.0209972,0,2,2
50000,2065,-0.0209972,0,2,2
50000,2066,-0.0209972,0,2,2
50000,2067,-0.0209972,0,2,2
50000,2068,-0.0209972,0,2,2
50000,2069,-0.0209972,0,2,2
50000,2070,-0.0209972,0,2,2
50000,2071,-0.0209972,0,2,2
50000,2072,-0.0209972,0,2,2
50000,2073,-0.0209972,0,2,2
50000,2074,-0.0209972,0,2,2
50000,2075,-0.0209972,0,2,2
50000,2076,-0.0209972,0,2,2
50000,2077,-0.0209972,0,2,2
50000,2078,-0.0209972,0,2,2
50000,2079,-0.0209972,0,2,2
50000,2080,-0.0209972,0,2,2
50000,2081,-0.0209972,0,2,2
50000,2082,-0.0209972,0,2,2
50000,2083,-0.0209972,0,2,2
50000,2084,-0.0209972,0,2,2
50000,2085,-0.0209972,0,2,2
50000,2086,-0.0209972,0,2,2
50000,2087,-0.0209972,0,2,2
50000,2088,-0.0209972,0,2,2
50000,2089,-0.0209972,0,2,2
50000,2090,-0.0209972,0,2,2
50000,2091,-0.0209972,0,2,2
50000,2092,-0.0209972,0,2,2
50000,2093,-0.0209972,0,2,2
50000,2094,-0.0209972,0,2,2
50000,2095,-0.0209972,0,2,2
50000,2096,-0.0209972,0,2,2
50000,2097,-0.0209972,0,2,2
50000,2098,-0.0209972,0,2,2
50000,2099,-0.0209972,0,2,2
50000,2100,-0.021998,0,2,2
50000,2101,-0.021998,0,2,2
50000,2102,-0.021998,0,2,2
50000,2103,-0.021998,0,2,2
50000,2104,-0.021998,0,2,2
50000,2105,-0.021998,0,2,2
50000,2106,-0.021998,0,2,2
50000,2107,-0.021998,0,2,2
50000,2108,-0.021998,0,2,2
50000,2109,-0.021998,0,2,2
50000,2110,-0.021998,0,2,2
50000,2111,-0.021998,0,2,2
50000,2112,-0.021998,0,2,2
50000,2113,-0.021998,0,2,2
50000,2114,-0.021998,0,2,2
50000,2115,-0.021998,0,2,2
50000,2116,-0.021998,0,2,2
50000,2117,-0.021998,0,2,2
50000,2118,-0.021998,0,2,2
50000,2119,-0.021998,0,2,2
50000,2120,-0.021998,0,2,2
50000,2121,-0.021998,0,2,2
50000,2122,-0.021998,0,2,2
50000,2123,-0.021998,0,2,2
50000,2124,-0.021998,0,2,2
50000,2125,-0.021998,0,2,2
50000,2126,-0.021998,0,2,2
50000,2127,-0.021998,0,2,2
50000,2128,-0.021998,0,2,2
50000,2129,-0.021998,0,2,2
50000,2130,-0.021998,0,2,2
50000,2131,-0.021998,0,2,2
50000,2132,-0.021998,0,2,2
50000,2133,-0.021998,0,2,2
50000,2134,-0.021998,0,2,2
50000,2135,-0.021998,0,2,2
50000,2136,-0.021998,0,2,2
50000,2137,-0.021998,0,2,2
50000,2138,-0.021998,0,2,2
50000,2139,-0.021998,0,2,2
50000,2140,-0.021998,0,2,2
50000,2141,-0.021998,0,2,2
50000,2142,-0.021998,0,2,2
50000,2143,-0.021998,0,2,2
50000,2144,-0.021998,0,2,2
50000,2145,-0.021998,0,2,2
50000,2146,-0.021998,0,2,2
50000,2147,-0.021998,0,2,2
50000,2148,-0.021998,0,2,2
50000,2149,-0.021998,0,2,2
50000,2150,-0.021998,0,2,2
50000,2151,-0.021998,0,2,2
50000,2152,-0.021998,0,2,2
50000,2153,-0.021998,0,2,2
50000,2154,-0.021998,0,2,2
50000,2155,-0.021998,0,2,2
50000,2156,-0.021998,0,2,2
50000,2157,-0.021998,0,2,2
50000,2158,-0.021998,0,2,2
50000,2159,-0.021998,0,2,2
50000,2160,-0.021998,0,2,2
50000,2161,-0.021998,0,2,2
50000,2162,-0.021998,0,2,2
50000,2163,-0.021998,0,2,2
50000,2164,-0.021998,0,2,2
50000,2165,-0.021998,0,2,2
50000,2166,-0.021998,0,2,2
50000,2167,-0.021998,0,2,2
50000,2168,-0.021998,0,2,2
50000,2169,-0.021998,0,2,2
50000,2170,-0.021998,0,2,2
50000,2171,-0.021998,0,2,2
50000,2172,-0.021998,0,2,2
50000,2173,-0.021998,0,2,2
50000,2174,-0.021998,0,2,2
50000,2175,-0.021998,0,2,2
50000,2176,-0.021998,0,2,2
50000,2177,-0.021998,0,2,2
50000,2178,-0.021998,0,2,2
50000,2179,-0.021998,0,2,2
50000,2180,-0.021998,0,2,2
50000,2181,-0.021998,0,2,2
50000,2182,-0.021998,0,2,2
50000,2183,-0.021998,0,2,2
50000,2184,-0.021998,0,2,2
50000,2185,-0.021998,0,2,2
50000,2186,-0.021998,0,2,2
50000,2187,-0.021998,0,2,2
50000,2188,-0.021998,0,2,2
50000,2189,-0.021998,0,2,2
50000,2190,-0.021998,0,2,2
50000,2191,-0.021998,0,2,2
50000,2192,-0.021998,0,2,2
50000,2193,-0.021998,0,2,2
50000,2194,-0.021998,0,2,2
50000,2195,-0.021998,0,2,2
50000,2196,-0.021998,0,2,2
50000,2197,-0.021998,0,2,2
50000,2198,-0.021998,0,2,2
50000,2199,-0.021998,0,2,2
50000,2200,-0.022999,0,2,2
50000,2201,-0.022999,0,2,2
50000,2202,-0.022999,0,2,2
50000,2203,-0.022999,0,2,2
50000,2204,-0.022999,0,2,2
50000,2205,-0.022999,0,2,2
50000,2206,-0.022999,0,2,2
50000,2207,-0.022999,0,2,2
50000,2208,-0.022999,0,2,2
50000,2209,-0.022999,0,2,2
50000,2210,-0.022999,0,2,2
50000,2211,-0.022999,0,2,2
50000,2212,-0.022999,0,2,2
50000,2213,-0.022999,0,2,2
50000,2214,-0.022999,0,2,2
50000,2215,-0.022999,0,2,2
50000,2216,-0.022999,0,2,2
50000,2217,-0.022999,0,2,2
50000,2218,-0.022999,0,2,2
50000,2219,-0.022999,0,2,2
50000,2220,-0.022999,0,2,2
50000,2221,-0.022999,0,2,2
50000,2222,-0.022999,0,2,2
50000,2223,-0.022999,0,2,2
50000,2224,-0.022999,0,2,2
50000,2225,-0.022999,0,2,2
50000,2226,-0.022999,0,2,2
50000,2227,-0.022999,0,2,2
50000,2228,-0.022999,0,2,2
50000,2229,-0.022999,0,2,2
50000,2230,-0.022999,0,2,2
50000,2231,-0.022999,0,2,2
50000,2232,-0.022999,0,2,2
50000,2233,-0.022999,0,2,2
50000,2234,-0.022999,0,2,2
50000,2235,-0.022999,0,2,2
50000,2236,-0.022999,0,2,2
50000,2237,-0.022999,0,2,2
50000,2238,-0.022999,0,2,2
50000,2239,-0.022999,0,2,2
50000,2240,-0.022999,0,2,2
50000,2241,-0.022999,0,2,2
50000,2242,-0.022999,0,2,2
50000,2243,-0.022999,0,2,2
50000,2244,-0.022999,0,2,2
50000,2245,-0.022999,0,2,2
50000,2246,-0.022999,0,2,2
50000,2247,-0.022999,0,2,2
50000,2248,-0.022999,0,2,2
50000,2249,-0.022999,0,2,2
50000,2250,-0.022999,0,2,2
50000,2251,-0.022999,0,2,2
50000,2252,-0.022999,0,2,2
50000,2253,-0.022999,0,2,2
50000,2254,-0.022999,0,2,2
50000,2255,-0.022999,0,2,2
50000,2256,-0.022999,0,2,2
50000,2257,-0.022999,0,2,2
50000,2258,-0.022999,0,2,2
50000,2259,-0.022999,0,2,2
50000,2260,-0.022999,0,2,2
50000,2261,-0.022999,0,2,2
50000,2262,-0.022999,0,2,2
50000,2263,-0.022999,0,2,2
50000,2264,-0.022999,0,2,2
50000,2265,-0.022999,0,2,2
50000,2266,-0.022999,0,2,2
50000,2267,-0.022999,0,2,2
50000,2268,-0.022999,0,2,2
50000,2269,-0.022999,0,2,2
50000,2270,-0.022999,0,2,2
50000,2271,-0.022999,0,2,2
50000,2272,-0.022999,0,2,2
50000,2273,-0.022999,0,2,2
50000,2274,-0.022999,0,2,2
50000,2275,-0.022999,0,2,2
50000,2276,-0.022999,0,2,2
50000,2277,-0.022999,0,2,2
50000,2278,-0.022999,0,2,2
50000,2279,-0.022999,0,2,2
50000,2280,-0.022999,0,2,2
50000,2281,-0.022999,0,2,2
50000,2282,-0.022999,0,2,2
50000,2283,-0.022999,0,2,2
50000,2284,-0.022999,0,2,2
50000,2285,-0.022999,0,2,2
50000,2286,-0.022999,0,2,2
50000,2287,-0.022999,0,2,2
50000,2288,-0.022999,0,2,2
50000,2289,-0.022999,0,2,2
50000,2290,-0.022999,0,2,2
50000,2291,-0.022999,0,2,2
50000,2292,-0.022999,0,2,2
50000,2293,-0.022999,0,2,2
50000,2294,-0.022999,0,2,2
50000,2295,-0.022999,0,2,2
50000,2296,-0.022999,0,2,2
50000,2297,-0.022999,0,2,2
50000,2298,-0.022999,0,2,2
50000,2299,-0.022999,0,2,2
50000,2300,-0.0239999,0,2,2
50000,2301,-0.0239999,0,2,2
50000,2302,-0.0239999,0,2,2
50000,2303,-0.0239999,0,2,2
50000,2304,-0.0239999,0,2,2
50000,2305,-0.0239999,0,2,2
50000,2306,-0.0239999,0,2,2
50000,2307,-0.0239999,0,2,2
50000,2308,-0.0239999,0,2,2
50000,2309,-0.0239999,0,2,2
50000,2310,-0.0239999,0,2,2
50000,2311,-0.0239999,0,2,2
50000,2312,-0.0239999,0,2,2
50000,2313,-0.0239999,0,2,2
50000,2314,-0.0239999,0,2,2
50000,2315,-0.0239999,0,2,2
50000,2316,-0.0239999,0,2,2
50000,2317,-0.0239999,0,2,2
50000,2318,-0.0239999,0,2,2
50000,2319,-0.0239999,0,2,2
50000,2320,-0.0239999,0,2,2
50000,2321,-0.0239999,0,2,2
50000,2322,-0.0239999,0,2,2
50000,2323,-0.0239999,0,2,2
50000,2324,-0.0239999,0,2,2
50000,2325,-0.0239999,0,2,2
50000,2326,-0.0239999,0,2,2
50000,2327,-0.0239999,0,2,2
50000,2328,-0.0239999,0,2,2
50000,2329,-0.0239999,0,2,2
50000,2330,-0.0239999,0,2,2
50000,2331,-0.0239999,0,2,2
50000,2332,-0.0239999,0,2,2
50000,2333,-0.0239999,0,2,2
50000,2334,-0.0239999,0,2,2
50000,2335,-0.0239999,0,2,2
50000,2336,-0.0239999,0,2,2
50000,2337,-0.0239999,0,2,2
50000,2338,-0.0239999,0,2,2
50000,2339,-0.0239999,0,2,2
50000,2340,-0.0239999,0,2,2
50000,2341,-0.0239999,0,2,2
50000,2342,-0.0239999,0,2,2
50000,2343,-0.0239999,0,2,2
50000,2344,-0.0239999,0,2,2
50000,2345,-0.0239999,0,2,2
50000,2346,-0.0239999,0,2,2
50000,2347,-0.0239999,0,2,2
50000,2348,-0.0239999,0,2,2
50000,2349,-0.0239999,0,2,2
50000,2350,-0.0239999,0,2,2
50000,2351,-0.0239999,0,2,2
50000,2352,-0.0239999,0,2,2
50000,2353,-0.0239999,0,2,2
50000,2354,-0.0239999,0,2,2
50000,2355,-0.0239999,0,2,2
50000,2356,-0.0239999,0,2,2
50000,2357,-0.0239999,0,2,2
50000,2358,-0.0239999,0,2,2
50000,2359,-0.0239999,0,2,2
50000,2360,-0.0239999,0,2,2
50000,2361,-0.0239999,0,2,2
50000,2362,-0.0239999,0,2,2
50000,2363,-0.0239999,0,2,2
50000,2364,-0.0239999,0,2,2
50000,2365,-0.0239999,0,2,2
50000,2366,-0.0239999,0,2,2
50000,2367,-0.0239999,0,2,2
50000,2368,-0.0239999,0,2,2
50000,2369,-0.0239999,0,2,2
50000,2370,-0.0239999,0,2,2
50000,2371,-0.0239999,0,2,2
50000,2372,-0.0239999,0,2,2
50000,2373,-0.0239999,0,2,2
50000,2374,-0.0239999,0,2,2
50000,2375,-0.0239999,0,2,2
50000,2376,-0.0239999,0,2,2
50000,2377,-0.0239999,0,2,2
50000,2378,-0.0239999,0,2,2
50000,2379,-0.0239999,0,2,2
50000,2380,-0.0239999,0,2,2
50000,2381,-0.0239999,0,2,2
50000,2382,-0.0239999,0,2,2
50000,2383,-0.0239999,0,2,2
50000,2384,-0.0239999,0,2,2
50000,2385,-0.0239999,0,2,2
50000,2386,-0.0239999,0,2,2
50000,2387,-0.0239999,0,2,2
50000,2388,-0.0239999,0,2,2
50000,2389,-0.0239999,0,2,2
50000,2390,-0.0239999,0,2,2
50000,2391,-0.0239999,0,2,2
50000,2392,-0.0239999,0,2,2
50000,2393,-0.0239999,0,2,2
50000,2394,-0.0239999,0,2,2
50000,2395,-0.0239999,0,2,2
50000,2396,-0.0239999,0,2,2
50000,2397,-0.0239999,0,2,2
50000,2398,-0.0239999,0,2,2
50000,2399,-0.0239999,0,2,2
50000,2400,-0.0250008,0,2,2
50000,2401,-0.0250008,0,2,2
50000,2402,-0.0250008,0,2,2
50000,2403,-0.0250008,0,2,2
50000,2404,-0.0250008,0,2,2
50000,2405,-0.0250008,0,2,2
50000,2406,-0.0250008,0,2,2
50000,2407,-0.0250008,0,2,2
50000,2408,-0.0250008,0,2,2
50000,2409,-0.0250008,0,2,2
50000,2410,-0.0250008,0,2,2
50000,2411,-0.0250008,0,2,2
50000,2412,-0.0250008,0,2,2
50000,2413,-0.0250008,0,2,2
50000,2414,-0.0250008,0,2,2
50000,2415,-0.0250008,0,2,2
50000,2416,-0.0250008,0,2,2
50000,2417,-0.0250008,0,2,2
50000,2418,-0.0250008,0,2,2
50000,2419,-0.0250008,0,2,2
50000,2420,-0.0250008,0,2,2
50000,2421,-0.0250008,0,2,2
50000,2422,-0.0250008,0,2,2
50000,2423,-0.0250008,0,2,2
50000,2424,-0.0250008,0,2,2
50000,2425,-0.0250008,0,2,2
50000,2426,-0.0250008,0,2,2
50000,2427,-0.0250008,0,2,2
50000,2428,-0.0250008,0,2,2
50000,2429,-0.0250008,0,2,2
50000,2430,-0.0250008,0,2,2
50000,2431,-0.0250008,0,2,2
50000,2432,-0.0250008,0,2,2
50000,2433,-0.0250008,0,2,2
50000,2434,-0.0250008,0,2,2
50000,2435,-0.0250008,0,2,2
50000,2436,-0.0250008,0,2,2
50000,2437,-0.0250008,0,2,2
50000,2438,-0.0250008,0,2,2
50000,2439,-0.0250008,0,2,2
50000,2440,-0.0250008,0,2,2
50000,2441,-0.0250008,0,2,2
50000,2442,-0.0250008,0,2,2
50000,2443,-0.0250008,0,2,2
50000,2444,-0.0250008,0,2,2
50000,2445,-0.0250008,0,2,2
50000,2446,-0.0250008,0,2,2
50000,2447,-0.0250008,0,2,2
50000,2448,-0.0250008,0,2,2
50000,2449,-0.0250008,0,2,2
50000,2450,-0.0250008,0,2,2
50000,2451,-0.0250008,0,2,2
50000,2452,-0.0250008,0,2,2
50000,2453,-0.0250008,0,2,2
50000,2454,-0.0250008,0,2,2
50000,2455,-0.0250008,0,2,2
50000,2456,-0.0250008,0,2,2
50000,2457,-0.0250008,0,2,2
50000,2458,-0.0250008,0,2,2
50000,2459,-0.0250008,0,2,2
50000,2460,-0.0250008,0,2,2
50000,2461,-0.0250008,0,2,2
50000,2462,-0.0250008,0,2,2
50000,2463,-0.0250008,0,2,2
50000,2464,-0.0250008,0,2,2
50000,2465,-0.0250008,0,2,2
50000,2466,-0.0250008,0,2,2
50000,2467,-0.0250008,0,2,2
50000,2468,-0.0250008,0,2,2
50000,2469,-0.0250008,0,2,2
50000,2470,-0.0250008,0,2,2
50000,2471,-0.0250008,0,2,2
50000,2472,-0.0250008,0,2,2
50000,2473,-0.0250008,0,2,2
50000,2474,-0.0250008,0,2,2
50000,2475,-0.0250008,0,2,2
50000,2476,-0.0250008,0,2,2
50000,2477,-0.0250008,0,2,2
50000,2478,-0.0250008,0,2,2
50000,2479,-0.0250008,0,2,2
50000,2480,-0.0250008,0,2,2
50000,2481,-0.0250008,0,2,2
50000,2482,-0.0250008,0,2,2
50000,2483,-0.0250008,0,2,2
50000,2484,-0.0250008,0,2,2
50000,2485,-0.0250008,0,2,2
50000,2486,-0.0250008,0,2,2
50000,2487,-0.0250008,0,2,2
50000,2488,-0.0250008,0,2,2
50000,2489,-0.0250008,0,2,2
50000,2490,-0.0250008,0,2,2
50000,2491,-0.0250008,0,2,2
50000,2492,-0.0250008,0,2,2
50000,2493,-0.0250008,0,2,2
50000,2494,-0.0250008,0,2,2
50000,2495,-0.0250008,0,2,2
50000,2496,-0.0250008,0,2,2
50000,2497,-0.0250008,0,2,2
50000,2498,-0.0250008,0,2,2
50000,2499,-0.0250008,0,2,2
50000,2500,-0.0260018,0,2,2
50000,2501,-0.0260018,0,2,2
50000,2502,-0.0260018,0,2,2
50000,2503,-0.0260018,0,2,2
50000,2504,-0.0260018,0,2,2
50000,2505,-0.0260018,0,2,2
50000,2506,-0.0260018,0,2,2
50000,2507,-0.0260018,0,2,2
50000,2508,-0.0260018,0,2,2
50000,2509,-0.0260018,0,2,2
50000,2510,-0.0260018,0,2,2
50000,2511,-0.0260018,0,2,2
50000,2512,-0.0260018,0,2,2
50000,2513,-0.0260018,0,2,2
50000,2514,-0.0260018,0,2,2
50000,2515,-0.0260018,0,2,2
50000,2516,-0.0260018,0,2,2
50000,2517,-0.0260018,0,2,2
50000,2518,-0.0260018,0,2,2
50000,2519,-0.0260018,0,2,2
50000,2520,-0.0260018,0,2,2
50000,2521,-0.0260018,0,2,2
50000,2522,-0.0260018,0,2,2
50000,2523,-0.0260018,0,2,2
50000,2524,-0.0260018,0,2,2
50000,2525,-0.0260018,0,2,2
50000,2526,-0.0260018,0,2,2
50000,2527,-0.0260018,0,2,2
50000,2528,-0.0260018,0,2,2
50000,2529,-0.0260018,0,2,2
50000,2530,-0.0260018,0,2,2
50000,2531,-0.0260018,0,2,2
50000,2532,-0.0260018,0,2,2
50000,2533,-0.0260018,0,2,2
50000,2534,-0.0260018,0,2,2
50000,2535,-0.0260018,0,2,2
50000,2536,-0.0260018,0,2,2
50000,2537,-0.0260018,0,2,2
50000,2538,-0.0260018,0,2,2
50000,2539,-0.0260018,0,2,2
50000,2540,-0.0260018,0,2,2
50000,2541,-0.0260018,0,2,2
50000,2542,-0.0260018,0,2,2
50000,2543,-0.0260018,0,2,2
50000,2544,-0.0260018,0,2,2
50000,2545,-0.0260018,0,2,2
50000,2546,-0.0260018,0,2,2
50000,2547,-0.0260018,0,2,2
50000,2548,-0.0260018,0,2,2
50000,2549,-0.0260018,0,2,2
50000,2550,-0.0260018,0,2,2
50000,2551,-0.0260018,0,2,2
50000,2552,-0.0260018,0,2,2
50000,2553,-0.0260018,0,2,2
50000,2554,-0.0260018,0,2,2
50000,2555,-0.0260018,0,2,2
50000,2556,-0.0260018,0,2,2
50000,2557,-0.0260018,0,2,2
50000,2558,-0.0260018,0,2,2
50000,2559,-0.0260018,0,2,2
50000,2560,-0.0260018,0,2,2
50000,2561,-0.0260018,0,2,2
50000,2562,-0.0260018,0,2,2
50000,2563,-0.0260018,0,2,2
50000,2564,-0.0260018,0,2,2
50000,2565,-0.0260018,0,2,2
50000,2566,-0.0260018,0,2,2
50000,2567,-0.0260018,0,2,2
50000,2568,-0.0260018,0,2,2
50000,2569,-0.0260018,0,2,2
50000,2570,-0.0260018,0,2,2
50000,2571,-0.0260018,0,2,2
50000,2572,-0.0260018,0,2,2
50000,2573,-0.0260018,0,2,2
50000,2574,-0.0260018,0,2,2
50000,2575,-0.0260018,0,2,2
50000,2576,-0.0260018,0,2,2
50000,2577,-0.0260018,0,2,2
50000,2578,-0.0260018,0,2,2
50000,2579,-0.0260018,0,2,2
50000,2580,-0.0260018,0,2,2
50000,2581,-0.0260018,0,2,2
50000,2582,-0.0260018,0,2,2
50000,2583,-0.0260018,0,2,2
50000,2584,-0.0260018,0,2,2
50000,2585,-0.0260018,0,2,2
50000,2586,-0.0260018,0,2,2
50000,2587,-0.0260018,0,2,2
50000,2588,-0.0260018,0,2,2
50000,2589,-0.0260018,0,2,2
50000,2590,-0.0260018,0,2,2
50000,2591,-0.0260018,0,2,2
50000,2592,-0.0260018,0,2,2
50000,2593,-0.0260018,0,2,2
50000,2594,-0.0260018,0,2,2
50000,2595,-0.0260018,0,2,2
50000,2596,-0.0260018,0,2,2
50000,2597,-0.0260018,0,2,2
50000,2598,-0.0260018,0,2,2
50000,2599,-0.0260018,0,2,2
50000,2600,-0.0270028,0,2,2
50000,2601,-0.0270028,0,2,2
50000,2602,-0.0270028,0,2,2
50000,2603,-0.0270028,0,2,2
50000,2604,-0.0270028,0,2,2
50000,2605,-0.0270028,0,2,2
50000,2606,-0.0270028,0,2,2
50000,2607,-0.0270028,0,2,2
50000,2608,-0.0270028,0,2,2
50000,2609,-0.0270028,0,2,2
50000,2610,-0.0270028,0,2,2
50000,2611,-0.0270028,0,2,2
50000,2612,-0.0270028,0,2,2
50000,2613,-0.0270028,0,2,2
50000,2614,-0.0270028,0,2,2
50000,2615,-0.0270028,0,2,2
50000,2616,-0.0270028,0,2,2
50000,2617,-0.0270028,0,2,2
50000,2618,-0.0270028,0,2,2
50000,2619,-0.0270028,0,2,2
50000,2620,-0.0270028,0,2,2
50000,2621,-0.0270028,0,2,2
50000,2622,-0.0270028,0,2,2
50000,2623,-0.0270028,0,2,2
50000,2624,-0.0270028,0,2,2
50000,2625,-0.0270028,0,2,2
50000,2626,-0.0270028,0,2,2
50000,2627,-0.0270028,0,2,2
50000,2628,-0.0270028,0,2,2
50000,2629,-0.0270028,0,2,2
50000,2630,-0.0270028,0,2,2
50000,2631,-0.0270028,0,2,2
50000,2632,-0.0270028,0,2,2
50000,2633,-0.0270028,0,2,2
50000,2634,-0.0270028,0,2,2
50000,2635,-0.0270028,0,2,2
50000,2636,-0.0270028,0,2,2
50000,2637,-0.0270028,0,2,2
50000,2638,-0.0270028,0,2,2
50000,2639,-0.0270028,0,2,2
50000,2640,-0.0270028,0,2,2
50000,2641,-0.0270028,0,2,2
50000,2642,-0.0270028,0,2,2
50000,2643,-0.0270028,0,2,2
50000,2644,-0.0270028,0,2,2
50000,2645,-0.0270028,0,2,2
50000,2646,-0.0270028,0,2,2
50000,2647,-0.0270028,0,2,2
50000,2648,-0.0270028,0,2,2
50000,2649,-0.0270028,0,2,2
50000,2650,-0.0270028,0,2,2
50000,2651,-0.0270028,0,2,2
50000,2652,-0.0270028,0,2,2
50000,2653,-0.0270028,0,2,2
50000,2654,-0.0270028,0,2,2
50000,2655,-0.0270028,0,2,2
50000,2656,-0.0270028,0,2,2
50000,2657,-0.0270028,0,2,2
50000,2658,-0.0270028,0,2,2
50000,2659,-0.0270028,0,2,2
50000,2660,-0.0270028,0,2,2
50000,2661,-0.0270028,0,2,2
50000,2662,-0.0270028,0,2,2
50000,2663,-0.0270028,0,2,2
50000,2664,-0.0270028,0,2,2
50000,2665,-0.0270028,0,2,2
50000,2666,-0.0270028,0,2,2
50000,2667,-0.0270028,0,2,2
50000,2668,-0.0270028,0,2,2
50000,2669,-0.0270028,0,2,2
50000,2670,-0.0270028,0,2,2
50000,2671,-0.0270028,0,2,2
50000,2672,-0.0270028,0,2,2
50000,2673,-0.0270028,0,2,2
50000,2674,-0.0270028,0,2,2
50000,2675,-0.0270028,0,2,2
50000,2676,-0.0270028,0,2,2
50000,2677,-0.0270028,0,2,2
50000,2678,-0.0270028,0,2,2
50000,2679,-0.0270028,0,2,2
50000,2680,-0.0270028,0,2,2
50000,2681,-0.0270028,0,2,2
50000,2682,-0.0270028,0,2,2
50000,2683,-0.0270028,0,2,2
50000,2684,-0.0270028,0,2,2
50000,2685,-0.0270028,0,2,2
50000,2686,-0.0270028,0,2,2
50000,2687,-0.0270028,0,2,2
50000,2688,-0.0270028,0,2,2
50000,2689,-0.0270028,0,2,2
50000,2690,-0.0270028,0,2,2
50000,2691,-0.0270028,0,2,2
50000,2692,-0.0270028,0,2,2
50000,2693,-0.0270028,0,2,2
50000,2694,-0.0270028,0,2,2
50000,2695,-0.0270028,0,2,2
50000,2696,-0.0270028,0,2,2
50000,2697,-0.0270028,0,2,2
50000,2698,-0.0270028,0,2,2
50000,2699,-0.0270028,0,2,2
50000,2700,-0.0280038,0,2,2
50000,2701,-0.0280038,0,2,2
50000,2702,-0.0280038,0,2,2
50000,2703,-0.0280038,0,2,2
50000,2704,-0.0280038,0,2,2
50000,2705,-0.0280038,0,2,2
50000,2706,-0.0280038,0,2,2
50000,2707,-0.0280038,0,2,2
50000,2708,-0.0280038,0,2,2
50000,2709,-0.0280038,0,2,2
50000,2710,-0.0280038,0,2,2
50000,2711,-0.0280038,0,2,2
50000,2712,-0.0280038,0,2,2
50000,2713,-0.0280038,0,2,2
50000,2714,-0.0280038,0,2,2
50000,2715,-0.0280038,0,2,2
50000,2716,-0.0280038,0,2,2
50000,2717,-0.0280038,0,2,2
50000,2718,-0.0280038,0,2,2
50000,2719,-0.0280038,0,2,2
50000,2720,-0.0280038,0,2,2
50000,2721,-0.0280038,0,2,2
50000,2722,-0.0280038,0,2,2
50000,2723,-0.0280038,0,2,2
50000,2724,-0.0280038,0,2,2
50000,2725,-0.0280038,0,2,2
50000,2726,-0.0280038,0,2,2
50000,2727,-0.0280038,0,2,2
50000,2728,-0.0280038,0,2,2
50000,2729,-0.0280038,0,2,2
50000,2730,-0.0280038,0,2,2
50000,2731,-0.0280038,0,2,2
50000,2732,-0.0280038,0,2,2
50000,2733,-0.0280038,0,2,2
50000,2734,-0.0280038,0,2,2
50000,2735,-0.0280038,0,2,2
50000,2736,-0.0280038,0,2,2
50000,2737,-0.0280038,0,2,2
50000,2738,-0.0280038,0,2,2
50000,2739,-0.0280038,0,2,2
50000,2740,-0.0280038,0,2,2
50000,2741,-0.0280038,0,2,2
50000,2742,-0.0280038,0,2,2
50000,2743,-0.0280038,0,2,2
50000,2744,-0.0280038,0,2,2
50000,2745,-0.0280038,0,2,2
50000,2746,-0.0280038,0,2,2
50000,2747,-0.0280038,0,2,2
50000,2748,-0.0280038,0,2,2
50000,2749,-0.0280038,0,2,2
50000,2750,-0.0280038,0,2,2
50000,2751,-0.0280038,0,2,2
50000,2752,-0.0280038,0,2,2
50000,2753,-0.0280038,0,2,2
50000,2754,-0.0280038,0,2,2
50000,2755,-0.0280038,0,2,2
50000,2756,-0.0280038,0,2,2
50000,2757,-0.0280038,0,2,2
50000,2758,-0.0280038,0,2,2
50000,2759,-0.0280038,0,2,2
50000,2760,-0.0280038,0,2,2
50000,2761,-0.0280038,0,2,2
50000,2762,-0.0280038,0,2,2
50000,2763,-0.0280038,0,2,2
50000,2764,-0.0280038,0,2,2
50000,2765,-0.0280038,0,2,2
50000,2766,-0.0280038,0,2,2
50000,2767,-0.0280038,0,2,2
50000,2768,-0.0280038,0,2,2
50000,2769,-0.0280038,0,2,2
50000,2770,-0.0280038,0,2,2
50000,2771,-0.0280038,0,2,2
50000,2772,-0.0280038,0,2,2
50000,2773,-0.0280038,0,2,2
50000,2774,-0.0280038,0,2,2
50000,2775,-0.0280038,0,2,2
50000,2776,-0.0280038,0,2,2
50000,2777,-0.0280038,0,2,2
50000,2778,-0.0280038,0,2,2
50000,2779,-0.0280038,0,2,2
50000,2780,-0.0280038,0,2,2
50000,2781,-0.0280038,0,2,2
50000,2782,-0.0280038,0,2,2
50000,2783,-0.0280038,0,2,2
50000,2784,-0.0280038,0,2,2
50000,2785,-0.0280038,0,2,2
50000,2786,-0.0280038,0,2,2
50000,2787,-0.0280038,0,2,2
50000,2788,-0.0280038,0,2,2
50000,2789,-0.0280038,0,2,2
50000,2790,-0.0280038,0,2,2
50000,2791,-0.0280038,0,2,2
50000,2792,-0.0280038,0,2,2
50000,2793,-0.0280038,0,2,2
50000,2794,-0.0280038,0,2,2
50000,2795,-0.0280038,0,2,2
50000,2796,-0.0280038,0,2,2
50000,2797,-0.0280038,0,2,2
50000,2798,-0.0280038,0,2,2
50000,2799,-0.0280038,0,2,2
50000,2800,-0.0290048,0,2,2
50000,2801,-0.0290048,0,2,2
50000,2802,-0.0290048,0,2,2
50000,2803,-0.0290048,0,2,2
50000,2804,-0.0290048,0,2,2
50000,2805,-0.0290048,0,2,2
50000,2806,-0.0290048,0,2,2
50000,2807,-0.0290048,0,2,2
50000,2808,-0.0290048,0,2,2
50000,2809,-0.0290048,0,2,2
50000,2810,-0.0290048,0,2,2
50000,2811,-0.0290048,0,2,2
50000,2812,-0.0290048,0,2,2
50000,2813,-0.0290048,0,2,2
50000,2814,-0.0290048,0,2,2
50000,2815,-0.0290048,0,2,2
50000,2816,-0.0290048,0,2,2
50000,2817,-0.0290048,0,2,2
50000,2818,-0.0290048,0,2,2
50000,2819,-0.0290048,0,2,2
50000,2820,-0.0290048,0,2,2
50000,2821,-0.0290048,0,2,2
50000,2822,-0.0290048,0,2,2
50000,2823,-0.0290048,0,2,2
50000,2824,-0.0290048,0,2,2
50000,2825,-0.0290048,0,2,2
50000,2826,-0.0290048,0,2,2
50000,2827,-0.0290048,0,2,2
50000,2828,-0.0290048,0,2,2
50000,2829,-0.0290048,0,2,2
50000,2830,-0.0290048,0,2,2
50000,2831,-0.0290048,0,2,2
50000,2832,-0.0290048,0,2,2
50000,2833,-0.0290048,0,2,2
50000,2834,-0.0290048,0,2,2
50000,2835,-0.0290048,0,2,2
50000,2836,-0.0290048,0,2,2
50000,2837,-0.0290048,0,2,2
50000,2838,-0.0290048,0,2,2
50000,2839,-0.0290048,0,2,2
50000,2840,-0.0290048,0,2,2
50000,2841,-0.0290048,0,2,2
50000,2842,-0.0290048,0,2,2
50000,2843,-0.0290048,0,2,2
50000,2844,-0.0290048,0,2,2
50000,2845,-0.0290048,0,2,2
50000,2846,-0.0290048,0,2,2
50000,2847,-0.0290048,0,2,2
50000,2848,-0.0290048,0,2,2
50000,2849,-0.0290048,0,2,2
50000,2850,-0.0290048,0,2,2
50000,2851,-0.0290048,0,2,2
50000,2852,-0.0290048,0,2,2
50000,2853,-0.0290048,0,2,2
50000,2854,-0.0290048,0,2,2
50000,2855,-0.0290048,0,2,2
50000,2856,-0.0290048,0,2,2
50000,2857,-0.0290048,0,2,2
50000,2858,-0.0290048,0,2,2
50000,2859,-0.0290048,0,2,2
50000,2860,-0.0290048,0,2,2
50000,2861,-0.0290048,0,2,2
50000,2862,-0.0290048,0,2,2
50000,2863,-0.0290048,0,2,2
50000,2864,-0.0290048,0,2,2
50000,2865,-0.0290048,0,2,2
50000,2866,-0.0290048,0,2,2
50000,2867,-0.0290048,0,2,2
50000,2868,-0.0290048,0,2,2
50000,2869,-0.0290048,0,2,2
50000,2870,-0.0290048,0,2,2
50000,2871,-0.0290048,0,2,2
50000,2872,-0.0290048,0,2,2
50000,2873,-0.0290048,0,2,2
50000,2874,-0.0290048,0,2,2
50000,2875,-0.0290048,0,2,2
50000,2876,-0.0290048,0,2,2
50000,2877,-0.0290048,0,2,2
50000,2878,-0.0290048,0,2,2
50000,2879,-0.0290048,0,2,2
50000,2880,-0.0290048,0,2,2
50000,2881,-0.0290048,0,2,2
50000,2882,-0.0290048,0,2,2
50000,2883,-0.0290048,0,2,2
50000,2884,-0.0290048,0,2,2
50000,2885,-0.0290048,0,2,2
50000,2886,-0.0290048,0,2,2
50000,2887,-0.0290048,0,2,2
50000,2888,-0.0290048,0,2,2
50000,2889,-0.0290048,0,2,2
50000,2890,-0.0290048,0,2,2
50000,2891,-0.0290048,0,2,2
50000,2892,-0.0290048,0,2,2
50000,2893,-0.0290048,0,2,2
50000,2894,-0.0290048,0,2,2
50000,2895,-0.0290048,0,2,2
50000,2896,-0.0290048,0,2,2
50000,2897,-0.0290048,0,2,2
50000,2898,-0.0290048,0,2,2
50000,2899,-0.0290048,0,2,2
50000,2900,-0.0300058,0,1,1
50000,2901,-0.0300058,0,1,1
50000,2902,-0.0300058,0,1,1
50000,2903,-0.0300058,0,1,1
50000,2904,-0.0300058,0,1,1
50000,2905,-0.0300058,0,1,1
50000,2906,-0.0300058,0,1,1
50000,2907,-0.0300058,0,1,1
50000,2908,-0.0300058,0,1,1
50000,2909,-0.0300058,0,1,1
50000,2910,-0.0300058,0,1,1
50000,2911,-0.0300058,0,1,1
50000,2912,-0.0300058,0,1,1
50000,2913,-0.0300058,0,1,1
50000,2914,-0.0300058,0,1,1
50000,2915,-0.0300058,0,1,1
50000,2916,-0.0300058,0,1,1
50000,2917,-0.0300058,0,1,1
50000,2918,-0.0300058,0,1,1
50000,2919,-0.0300058,0,1,1
50000,2920,-0.0300058,0,1,1
50000,2921,-0.0300058,0,1,1
50000,2922,-0.0300058,0,1,1
50000,2923,-0.0300058,0,1,1
50000,2924,-0.0300058,0,1,1
50000,2925,-0.0300058,0,1,1
50000,2926,-0.0300058,0,1,1
50000,2927,-0.0300058,0,1,1
50000,2928,-0.0300058,0,1,1
50000,2929,-0.0300058,0,1,1
50000,2930,-0.0300058,0,1,1
50000,2931,-0.0300058,0,1,1
50000,2932,-0.0300058,0,1,1
50000,2933,-0.0300058,0,1,1
50000,2934,-0.0300058,0,1,1
50000,2935,-0.0300058,0,1,1
50000,2936,-0.0300058,0,1,1
50000,2937,-0.0300058,0,1,1
50000,2938,-0.0300058,0,1,1
50000,2939,-0.0300058,0,1,1
50000,2940,-0.0300058,0,1,1
50000,2941,-0.0300058,0,1,1
50000,2942,-0.0300058,0,1,1
50000,2943,-0.0300058,0,1,1
50000,2944,-0.0300058,0,1,1
50000,2945,-0.0300058,0,1,1
50000,2946,-0.0300058,0,1,1
50000,2947,-0.0300058,0,1,1
50000,2948,-0.0300058,0,1,1
50000,2949,-0.0300058,0,1,1
50000,2950,-0.0300058,0,1,1
50000,2951,-0.0300058,0,1,1
50000,2952,-0.0300058,0,1,1
50000,2953,-0.0300058,0,1,1
50000,2954,-0.0300058,0,1,1
50000,2955,-0.0300058,0,1,1
50000,2956,-0.0300058,0,1,1
50000,2957,-0.0300058,0,1,1
50000,2958,-0.0300058,0,1,1
50000,2959,-0.0300058,0,1,1
50000,2960,-0.0300058,0,1,1
50000,2961,-0.0300058,0,1,1
50000,2962,-0.0300058,0,1,1
50000,2963,-0.0300058,0,1,1
50000,2964,-0.0300058,0,1,1
50000,2965,-0.0300058,0,1,1
50000,2966,-0.0300058,0,1,1
50000,2967,-0.0300058,0,1,1
50000,2968,-0.0300058,0,1,1
50000,2969,-0.0300058,0,1,1
50000,2970,-0.0300058,0,1,1
50000,2971,-0.0300058,0,1,1
50000,2972,-0.0300058,0,1,1
50000,2973,-0.0300058,0,1,1
50000,2974,-0.0300058,0,1,1
50000,2975,-0.0300058,0,1,1
50000,2976,-0.0300058,0,1,1
50000,2977,-0.0300058,0,1,1
50000,2978,-0.0300058,0,1,1
50000,2979,-0.0300058,0,1,1
50000,2980,-0.0300058,0,1,1
50000,2981,-0.0300058,0,1,1
50000,2982,-0.0300058,0,1,1
50000,2983,-0.0300058,0,1,1
50000,2984,-0.0300058,0,1,1
50000,2985,-0.0300058,0,1,1
50000,2986,-0.0300058,0,1,1
50000,2987,-0.0300058,0,1,1
50000,2988,-0.0300058,0,1,1
50000,2989,-0.0300058,0,1,1
50000,2990,-0.0300058,0,1,1
50000,2991,-0.0300058,0,1,1
50000,2992,-0.0300058,0,1,1
50000,2993,-0.0300058,0,1,1
50000,2994,-0.0300058,0,1,1
50000,2995,-0.0300058,0,1,1
50000,2996,-0.0300058,0,1,1
50000,2997,-0.0300058,0,1,1
50000,2998,-0.0300058,0,1,1
50000,2999,-0.0300058,0,1,1
50000,3000,-0.0310068,0,1,1
50000,3001,-0.0310068,0,1,1
50000,3002,-0.0310068,0,1,1
50000,3003,-0.0310068,0,1,1
50000,3004,-0.0310068,0,1,1
50000,3005,-0.0310068,0,1,1
50000,3006,-0.0310068,0,1,1
50000,3007,-0.0310068,0,1,1
50000,3008,-0.0310068,0,1,1
50000,3009,-0.0310068,0,1,1
50000,3010,-0.0310068,0,1,1
50000,3011,-0.0310068,0,1,1
50000,3012,-0.0310068,0,1,1
50000,3013,-0.0310068,0,1,1
50000,3014,-0.0310068,0,1,1
50000,3015,-0.0310068,0,1,1
50000,3016,-0.0310068,0,1,1
50000,3017,-0.0310068,0,1,1
50000,3018,-0.0310068,0,1,1
50000,3019,-0.0310068,0,1,1
50000,3020,-0.0310068,0,1,1
50000,3021,-0.0310068,0,1,1
50000,3022,-0.0310068,0,1,1
50000,3023,-0.0310068,0,1,1
50000,3024,-0.0310068,0,1,1
50000,3025,-0.0310068,0,1,1
50000,3026,-0.0310068,0,1,1
50000,3027,-0.0310068,0,1,1
50000,3028,-0.0310068,0,1,1
50000,3029,-0.0310068,0,1,1
50000,3030,-0.0310068,0,1,1
50000,3031,-0.0310068,0,1,1
50000,3032,-0.0310068,0,1,1
50000,3033,-0.0310068,0,1,1
50000,3034,-0.0310068,0,1,1
50000,3035,-0.0310068,0,1,1
50000,3036,-0.0310068,0,1,1
50000,3037,-0.0310068,0,1,1
50000,3038,-0.0310068,0,1,1
50000,3039,-0.0310068,0,1,1
50000,3040,-0.0310068,0,1,1
50000,3041,-0.0310068,0,1,1
50000,3042,-0.0310068,0,1,1
50000,3043,-0.0310068,0,1,1
50000,3044,-0.0310068,0,1,1
50000,3045,-0.0310068,0,1,1
50000,3046,-0.0310068,0,1,1
50000,3047,-0.0310068,0,1,1
50000,3048,-0.0310068,0,1,1
50000,3049,-0.0310068,0,1,1
50000,3050,-0.0310068,0,1,1
50000,3051,-0.0310068,0,1,1
50000,3052,-0.0310068,0,1,1
50000,3053,-0.0310068,0,1,1
50000,3054,-0.0310068,0,1,1
50000,3055,-0.0310068,0,1,1
50000,3056,-0.0310068,0,1,1
50000,3057,-0.0310068,0,1,1
50000,3058,-0.0310068,0,1,1
50000,3059,-0.0310068,0,1,1
50000,3060,-0.0310068,0,1,1
50000,3061,-0.0310068,0,1,1
50000,3062,-0.0310068,0,1,1
50000,3063,-0.0310068,0,1,1
50000,3064,-0.0310068,0,1,1
50000,3065,-0.0310068,0,1,1
50000,3066,-0.0310068,0,1,1
50000,3067,-0.0310068,0,1,1
50000,3068,-0.0310068,0,1,1
50000,3069,-0.0310068,0,1,1
50000,3070,-0.0310068,0,1,1
50000,3071,-0.0310068,0,1,1
50000,3072,-0.0310068,0,1,1
50000,3073,-0.0310068,0,1,1
50000,3074,-0.0310068,0,1,1
50000,3075,-0.0310068,0,1,1
50000,3076,-0.0310068,0,1,1
50000,3077,-0.0310068,0,1,1
50000,3078,-0.0310068,0,1,1
50000,3079,-0.0310068,0,1,1
50000,3080,-0.0310068,0,1,1
50000,3081,-0.0310068,0,1,1
50000,3082,-0.0310068,0,1,1
50000,3083,-0.0310068,0,1,1
50000,3084,-0.0310068,0,1,1
50000,3085,-0.0310068,0,1,1
50000,3086,-0.0310068,0,1,1
50000,3087,-0.0310068,0,1,1
50000,3088,-0.0310068,0,1,1
50000,3089,-0.0310068,0,1,1
50000,3090,-0.0310068,0,1,1
50000,3091,-0.0310068,0,1,1
50000,3092,-0.0310068,0,1,1
50000,3093,-0.0310068,0,1,1
50000,3094,-0.0310068,0,1,1
50000,3095,-0.0310068,0,1,1
50000,3096,-0.0310068,0,1,1
50000,3097,-0.0310068,0,1,1
50000,3098,-0.0310068,0,1,1
50000,3099,-0.0310068,0,1,1
50000,3100,-0.0320079,0,1,1
50000,3101,-0.0320079,0,1,1
50000,3102,-0.0320079,0,1,1
50000,3103,-0.0320079,0,1,1
50000,3104,-0.0320079,0,1,1
50000,3105,-0.0320079,0,1,1
50000,3106,-0.0320079,0,1,1
50000,3107,-0.0320079,0,1,1
50000,3108,-0.0320079,0,1,1
50000,3109,-0.0320079,0,1,1
50000,3110,-0.0320079,0,1,1
50000,3111,-0.0320079,0,1,1
50000,3112,-0.0320079,0,1,1
50000,3113,-0.0320079,0,1,1
50000,3114,-0.0320079,0,1,1
50000,3115,-0.0320079,0,1,1
50000,3116,-0.0320079,0,1,1
50000,3117,-0.0320079,0,1,1
50000,3118,-0.0320079,0,1,1
50000,3119,-0.0320079,0,1,1
50000,3120,-0.0320079,0,1,1
50000,3121,-0.0320079,0,1,1
50000,3122,-0.0320079,0,1,1
50000,3123,-0.0320079,0,1,1
50000,3124,-0.0320079,0,1,1
50000,3125,-0.0320079,0,1,1
50000,3126,-0.0320079,0,1,1
50000,3127,-0.0320079,0,1,1
50000,3128,-0.0320079,0,1,1
50000,3129,-0.0320079,0,1,1
50000,3130,-0.0320079,0,1,1
50000,3131,-0.0320079,0,1,1
50000,3132,-0.0320079,0,1,1
50000,3133,-0.0320079,0,1,1
50000,3134,-0.0320079,0,1,1
50000,3135,-0.0320079,0,1,1
50000,3136,-0.0320079,0,1,1
50000,3137,-0.0320079,0,1,1
50000,3138,-0.0320079,0,1,1
50000,3139,-0.0320079,0,1,1
50000,3140,-0.0320079,0,1,1
50000,3141,-0.0320079,0,1,1
50000,3142,-0.0320079,0,1,1
50000,3143,-0.0320079,0,1,1
50000,3144,-0.0320079,0,1,1
50000,3145,-0.0320079,0,1,1
50000,3146,-0.0320079,0,1,1
50000,3147,-0.0320079,0,1,1
50000,3148,-0.0320079,0,1,1
50000,3149,-0.0320079,0,1,1
50000,3150,-0.0320079,0,1,1
50000,3151,-0.0320079,0,1,1
50000,3152,-0.0320079,0,1,1
50000,3153,-0.0320079,0,1,1
50000,3154,-0.0320079,0,1,1
50000,3155,-0.0320079,0,1,1
50000,3156,-0.0320079,0,1,1
50000,3157,-0.0320079,0,1,1
50000,3158,-0.0320079,0,1,1
50000,3159,-0.0320079,0,1,1
50000,3160,-0.0320079,0,1,1
50000,3161,-0.0320079,0,1,1
50000,3162,-0.0320079,0,1,1
50000,3163,-0.0320079,0,1,1
50000,3164,-0.0320079,0,1,1
50000,3165,-0.0320079,0,1,1
50000,3166,-0.0320079,0,1,1
50000,3167,-0.0320079,0,1,1
50000,3168,-0.0320079,0,1,1
50000,3169,-0.0320079,0,1,1
50000,3170,-0.0320079,0,1,1
50000,3171,-0.0320079,0,1,1
50000,3172,-0.0320079,0,1,1
50000,3173,-0.0320079,0,1,1
50000,3174,-0.0320079,0,1,1
50000,3175,-0.0320079,0,1,1
50000,3176,-0.0320079,0,1,1
50000,3177,-0.0320079,0,1,1
50000,3178,-0.0320079,0,1,1
50000,3179,-0.0320079,0,1,1
50000,3180,-0.0320079,0,1,1
50000,3181,-0.0320079,0,1,1
50000,3182,-0.0320079,0,1,1
50000,3183,-0.0320079,0,1,1
50000,3184,-0.0320079,0,1,1
50000,3185,-0.0320079,0,1,1
50000,3186,-0.0320079,0,1,1
50000,3187,-0.0320079,0,1,1
50000,3188,-0.0320079,0,1,1
50000,3189,-0.0320079,0,1,1
50000,3190,-0.0320079,0,1,1
50000,3191,-0.0320079,0,1,1
50000,3192,-0.0320079,0,1,1
50000,3193,-0.0320079,0,1,1
50000,3194,-0.0320079,0,1,1
50000,3195,-0.0320079,0,1,1
50000,3196,-0.0320079,0,1,1
50000,3197,-0.0320079,0,1,1
50000,3198,-0.0320079,0,1,1
50000,3199,-0.0320079,0,1,1
50000,3200,-0.033009,0,1,1
50000,3201,-0.033009,0,1,1
50000,3202,-0.033009,0,1,1
50000,3203,-0.033009,0,1,1
50000,3204,-0.033009,0,1,1
50000,3205,-0.033009,0,1,1
50000,3206,-0.033009,0,1,1
50000,3207,-0.033009,0,1,1
50000,3208,-0.033009,0,1,1
50000,3209,-0.033009,0,1,1
50000,3210,-0.033009,0,1,1
50000,3211,-0.033009,0,1,1
50000,3212,-0.033009,0,1,1
50000,3213,-0.033009,0,1,1
50000,3214,-0.033009,0,1,1
50000,3215,-0.033009,0,1,1
50000,3216,-0.033009,0,1,1
50000,3217,-0.033009,0,1,1
50000,3218,-0.033009,0,1,1
50000,3219,-0.033009,0,1,1
50000,3220,-0.033009,0,1,1
50000,3221,-0.033009,0,1,1
50000,3222,-0.033009,0,1,1
50000,3223,-0.033009,0,1,1
50000,3224,-0.033009,0,1,1
50000,3225,-0.033009,0,1,1
50000,3226,-0.033009,0,1,1
50000,3227,-0.033009,0,1,1
50000,3228,-0.033009,0,1,1
50000,3229,-0.033009,0,1,1
50000,3230,-0.033009,0,1,1
50000,3231,-0.033009,0,1,1
50000,3232,-0.033009,0,1,1
50000,3233,-0.033009,0,1,1
50000,3234,-0.033009,0,1,1
50000,3235,-0.033009,0,1,1
50000,3236,-0.033009,0,1,1
50000,3237,-0.033009,0,1,1
50000,3238,-0.033009,0,1,1
50000,3239,-0.033009,0,1,1
50000,3240,-0.033009,0,1,1
50000,3241,-0.033009,0,1,1
50000,3242,-0.033009,0,1,1
50000,3243,-0.033009,0,1,1
50000,3244,-0.033009,0,1,1
50000,3245,-0.033009,0,1,1
50000,3246,-0.033009,0,1,1
50000,3247,-0.033009,0,1,1
50000,3248,-0.033009,0,1,1
50000,3249,-0.033009,0,1,1
50000,3250,-0.033009,0,1,1
50000,3251,-0.033009,0,1,1
50000,3252,-0.033009,0,1,1
50000,3253,-0.033009,0,1,1
50000,3254,-0.033009,0,1,1
50000,3255,-0.033009,0,1,1
50000,3256,-0.033009,0,1,1
50000,3257,-0.033009,0,1,1
50000,3258,-0.033009,0,1,1
50000,3259,-0.033009,0,1,1
50000,3260,-0.033009,0,1,1
50000,3261,-0.033009,0,1,1
50000,3262,-0.033009,0,1,1
50000,3263,-0.033009,0,1,1
50000,3264,-0.033009,0,1,1
50000,3265,-0.033009,0,1,1
50000,3266,-0.033009,0,1,1
50000,3267,-0.033009,0,1,1
50000,3268,-0.033009,0,1,1
50000,3269,-0.033009,0,1,1
50000,3270,-0.033009,0,1,1
50000,3271,-0.033009,0,1,1
50000,3272,-0.033009,0,1,1
50000,3273,-0.033009,0,1,1
50000,3274,-0.033009,0,1,1
50000,3275,-0.033009,0,1,1
50000,3276,-0.033009,0,1,1
50000,3277,-0.033009,0,1,1
50000,3278,-0.033009,0,1,1
50000,3279,-0.033009,0,1,1
50000,3280,-0.033009,0,1,1
50000,3281,-0.033009,0,1,1
50000,3282,-0.033009,0,1,1
50000,3283,-0.033009,0,1,1
50000,3284,-0.033009,0,1,1
50000,3285,-0.033009,0,1,1
50000,3286,-0.033009,0,1,1
50000,3287,-0.033009,0,1,1
50000,3288,-0.033009,0,1,1
50000,3289,-0.033009,0,1,1
50000,3290,-0.033009,0,1,1
50000,3291,-0.033009,0,1,1
50000,3292,-0.033009,0,1,1
50000,3293,-0.033009,0,1,1
50000,3294,-0.033009,0,1,1
50000,3295,-0.033009,0,1,1
50000,3296,-0.033009,0,1,1
50000,3297,-0.033009,0,1,1
50000,3298,-0.033009,0,1,1
50000,3299,-0.033009,0,1,1
50000,3300,-0.0340101,0,1,1
50000,3301,-0.0340101,0,1,1
50000,3302,-0.0340101,0,1,1
50000,3303,-0.0340101,0,1,1
50000,3304,-0.0340101,0,1,1
50000,3305,-0.0340101,0,1,1
50000,3306,-0.0340101,0,1,1
50000,3307,-0.0340101,0,1,1
50000,3308,-0.0340101,0,1,1
50000,3309,-0.0340101,0,1,1
50000,3310,-0.0340101,0,1,1
50000,3311,-0.0340101,0,1,1
50000,3312,-0.0340101,0,1,1
50000,3313,-0.0340101,0,1,1
50000,3314,-0.0340101,0,1,1
50000,3315,-0.0340101,0,1,1
50000,3316,-0.0340101,0,1,1
50000,3317,-0.0340101,0,1,1
50000,3318,-0.0340101,0,1,1
50000,3319,-0.0340101,0,1,1
50000,3320,-0.0340101,0,1,1
50000,3321,-0.0340101,0,1,1
50000,3322,-0.0340101,0,1,1
50000,3323,-0.0340101,0,1,1
50000,3324,-0.0340101,0,1,1
50000,3325,-0.0340101,0,1,1
50000,3326,-0.0340101,0,1,1
50000,3327,-0.0340101,0,1,1
50000,3328,-0.0340101,0,1,1
50000,3329,-0.0340101,0,1,1
50000,3330,-0.0340101,0,1,1
50000,3331,-0.0340101,0,1,1
50000,3332,-0.0340101,0,1,1
50000,3333,-0.0340101,0,1,1
50000,3334,-0.0340101,0,1,1
50000,3335,-0.0340101,0,1,1
50000,3336,-0.0340101,0,1,1
50000,3337,-0.0340101,0,1,1
50000,3338,-0.0340101,0,1,1
50000,3339,-0.0340101,0,1,1
50000,3340,-0.0340101,0,1,1
50000,3341,-0.0340101,0,1,1
50000,3342,-0.0340101,0,1,1
50000,3343,-0.0340101,0,1,1
50000,3344,-0.0340101,0,1,1
50000,3345,-0.0340101,0,1,1
50000,3346,-0.0340101,0,1,1
50000,3347,-0.0340101,0,1,1
50000,3348,-0.0340101,0,1,1
50000,3349,-0.0340101,0,1,1
50000,3350,-0.0340101,0,1,1
50000,3351,-0.0340101,0,1,1
50000,3352,-0.0340101,0,1,1
50000,3353,-0.0340101,0,1,1
50000,3354,-0.0340101,0,1,1
50000,3355,-0.0340101,0,1,1
50000,3356,-0.0340101,0,1,1
50000,3357,-0.0340101,0,1,1
50000,3358,-0.0340101,0,1,1
50000,3359,-0.0340101,0,1,1
50000,3360,-0.0340101,0,1,1
50000,3361,-0.0340101,0,1,1
50000,3362,-0.0340101,0,1,1
50000,3363,-0.0340101,0,1,1
50000,3364,-0.0340101,0,1,1
50000,3365,-0.0340101,0,1,1
50000,3366,-0.0340101,0,1,1
50000,3367,-0.0340101,0,1,1
50000,3368,-0.0340101,0,1,1
50000,3369,-0.0340101,0,1,1
50000,3370,-0.0340101,0,1,1
50000,3371,-0.0340101,0,1,1
50000,3372,-0.0340101,0,1,1
50000,3373,-0.0340101,0,1,1
50000,3374,-0.0340101,0,1,1
50000,3375,-0.0340101,0,1,1
50000,3376,-0.0340101,0,1,1
50000,3377,-0.0340101,0,1,1
50000,3378,-0.0340101,0,1,1
50000,3379,-0.0340101,0,1,1
50000,3380,-0.0340101,0,1,1
50000,3381,-0.0340101,0,1,1
50000,3382,-0.0340101,0,1,1
50000,3383,-0.0340101,0,1,1
50000,3384,-0.0340101,0,1,1
50000,3385,-0.0340101,0,1,1
50000,3386,-0.0340101,0,1,1
50000,3387,-0.0340101,0,1,1
50000,3388,-0.0340101,0,1,1
50000,3389,-0.0340101,0,1,1
50000,3390,-0.0340101,0,1,1
50000,3391,-0.0340101,0,1,1
50000,3392,-0.0340101,0,1,1
50000,3393,-0.0340101,0,1,1
50000,3394,-0.0340101,0,1,1
50000,3395,-0.0340101,0,1,1
50000,3396,-0.0340101,0,1,1
50000,3397,-0.0340101,0,1,1
50000,3398,-0.0340101,0,1,1
50000,3399,-0.0340101,0,1,1
50000,3400,-0.0350112,0,1,1
50000,3401,-0.0350112,0,1,1
50000,3402,-0.0350112,0,1,1
50000,3403,-0.0350112,0,1,1
50000,3404,-0.0350112,0,1,1
50000,3405,-0.0350112,0,1,1
50000,3406,-0.0350112,0,1,1
50000,3407,-0.0350112,0,1,1
50000,3408,-0.0350112,0,1,1
50000,3409,-0.0350112,0,1,1
50000,3410,-0.0350112,0,1,1
50000,3411,-0.0350112,0,1,1
50000,3412,-0.0350112,0,1,1
50000,3413,-0.0350112,0,1,1
50000,3414,-0.0350112,0,1,1
50000,3415,-0.0350112,0,1,1
50000,3416,-0.0350112,0,1,1
50000,3417,-0.0350112,0,1,1
50000,3418,-0.0350112,0,1,1
50000,3419,-0.0350112,0,1,1
50000,3420,-0.0350112,0,1,1
50000,3421,-0.0350112,0,1,1
50000,3422,-0.0350112,0,1,1
50000,3423,-0.0350112,0,1,1
50000,3424,-0.0350112,0,1,1
50000,3425,-0.0350112,0,1,1
50000,3426,-0.0350112,0,1,1
50000,3427,-0.0350112,0,1,1
50000,3428,-0.0350112,0,1,1
50000,3429,-0.0350112,0,1,1
50000,3430,-0.0350112,0,1,1
50000,3431,-0.0350112,0,1,1
50000,3432,-0.0350112,0,1,1
50000,3433,-0.0350112,0,1,1
50000,3434,-0.0350112,0,1,1
50000,3435,-0.0350112,0,1,1
50000,3436,-0.0350112,0,1,1
50000,3437,-0.0350112,0,1,1
50000,3438,-0.0350112,0,1,1
50000,3439,-0.0350112,0,1,1
50000,3440,-0.0350112,0,1,1
50000,3441,-0.0350112,0,1,1
50000,3442,-0.0350112,0,1,1
50000,3443,-0.0350112,0,1,1
50000,3444,-0.0350112,0,1,1
50000,3445,-0.0350112,0,1,1
50000,3446,-0.0350112,0,1,1
50000,3447,-0.0350112,0,1,1
50000,3448,-0.0350112,0,1,1
50000,3449,-0.0350112,0,1,1
50000,3450,-0.0350112,0,1,1
50000,3451,-0.0350112,0,1,1
50000,3452,-0.0350112,0,1,1
50000,3453,-0.0350112,0,1,1
50000,3454,-0.0350112,0,1,1
50000,3455,-0.0350112,0,1,1
50000,3456,-0.0350112,0,1,1
50000,3457,-0.0350112,0,1,1
50000,3458,-0.0350112,0,1,1
50000,3459,-0.0350112,0,1,1
50000,3460,-0.0350112,0,1,1
50000,3461,-0.0350112,0,1,1
50000,3462,-0.0350112,0,1,1
50000,3463,-0.0350112,0,1,1
50000,3464,-0.0350112,0,1,1
50000,3465,-0.0350112,0,1,1
50000,3466,-0.0350112,0,1,1
50000,3467,-0.0350112,0,1,1
50000,3468,-0.0350112,0,1,1
50000,3469,-0.0350112,0,1,1
50000,3470,-0.0350112,0,1,1
50000,3471,-0.0350112,0,1,1
50000,3472,-0.0350112,0,1,1
50000,3473,-0.0350112,0,1,1
50000,3474,-0.0350112,0,1,1
50000,3475,-0.0350112,0,1,1
50000,3476,-0.0350112,0,1,1
50000,3477,-0.0350112,0,1,1
50000,3478,-0.0350112,0,1,1
50000,3479,-0.0350112,0,1,1
50000,3480,-0.0350112,0,1,1
50000,3481,-0.0350112,0,1,1
50000,3482,-0.0350112,0,1,1
50000,3483,-0.0350112,0,1,1
50000,3484,-0.0350112,0,1,1
50000,3485,-0.0350112,0,1,1
50000,3486,-0.0350112,0,1,1
50000,3487,-0.0350112,0,1,1
50000,3488,-0.0350112,0,1,1
50000,3489,-0.0350112,0,1,1
50000,3490,-0.0350112,0,1,1
50000,3491,-0.0350112,0,1,1
50000,3492,-0.0350112,0,1,1
50000,3493,-0.0350112,0,1,1
50000,3494,-0.0350112,0,1,1
50000,3495,-0.0350112,0,1,1
50000,3496,-0.0350112,0,1,1
50000,3497,-0.0350112,0,1,1
50000,3498,-0.0350112,0,1,1
50000,3499,-0.0350112,0,1,1
50000,3500,-0.0360123,0,1,1
50000,3501,-0.0360123,0,1,1
50000,3502,-0.0360123,0,1,1
50000,3503,-0.0360123,0,1,1
50000,3504,-0.0360123,0,1,1
50000,3505,-0.0360123,0,1,1
50000,3506,-0.0360123,0,1,1
50000,3507,-0.0360123,0,1,1
50000,3508,-0.0360123,0,1,1
50000,3509,-0.0360123,0,1,1
50000,3510,-0.0360123,0,1,1
50000,3511,-0.0360123,0,1,1
50000,3512,-0.0360123,0,1,1
50000,3513,-0.0360123,0,1,1
50000,3514,-0.0360123,0,1,1
50000,3515,-0.0360123,0,1,1
50000,3516,-0.0360123,0,1,1
50000,3517,-0.0360123,0,1,1
50000,3518,-0.0360123,0,1,1
50000,3519,-0.0360123,0,1,1
50000,3520,-0.0360123,0,1,1
50000,3521,-0.0360123,0,1,1
50000,3522,-0.0360123,0,1,1
50000,3523,-0.0360123,0,1,1
50000,3524,-0.0360123,0,1,1
50000,3525,-0.0360123,0,1,1
50000,3526,-0.0360123,0,1,1
50000,3527,-0.0360123,0,1,1
50000,3528,-0.0360123,0,1,1
50000,3529,-0.0360123,0,1,1
50000,3530,-0.0360123,0,1,1
50000,3531,-0.0360123,0,1,1
50000,3532,-0.0360123,0,1,1
50000,3533,-0.0360123,0,1,1
50000,3534,-0.0360123,0,1,1
50000,3535,-0.0360123,0,1,1
50000,3536,-0.0360123,0,1,1
50000,3537,-0.0360123,0,1,1
50000,3538,-0.0360123,0,1,1
50000,3539,-0.0360123,0,1,1
50000,3540,-0.0360123,0,1,1
50000,3541,-0.0360123,0,1,1
50000,3542,-0.0360123,0,1,1
50000,3543,-0.0360123,0,1,1
50000,3544,-0.0360123,0,1,1
50000,3545,-0.0360123,0,1,1
50000,3546,-0.0360123,0,1,1
50000,3547,-0.0360123,0,1,1
50000,3548,-0.0360123,0,1,1
50000,3549,-0.0360123,0,1,1
50000,3550,-0.0360123,0,1,1
50000,3551,-0.0360123,0,1,1
50000,3552,-0.0360123,0,1,1
50000,3553,-0.0360123,0,1,1
50000,3554,-0.0360123,0,1,1
50000,3555,-0.0360123,0,1,1
50000,3556,-0.0360123,0,1,1
50000,3557,-0.0360123,0,1,1
50000,3558,-0.0360123,0,1,1
50000,3559,-0.0360123,0,1,1
50000,3560,-0.0360123,0,1,1
50000,3561,-0.0360123,0,1,1
50000,3562,-0.0360123,0,1,1
50000,3563,-0.0360123,0,1,1
50000,3564,-0.0360123,0,1,1
50000,3565,-0.0360123,0,1,1
50000,3566,-0.0360123,0,1,1
50000,3567,-0.0360123,0,1,1
50000,3568,-0.0360123,0,1,1
50000,3569,-0.0360123,0,1,1
50000,3570,-0.0360123,0,1,1
50000,3571,-0.0360123,0,1,1
50000,3572,-0.0360123,0,1,1
50000,3573,-0.0360123,0,1,1
50000,3574,-0.0360123,0,1,1
50000,3575,-0.0360123,0,1,1
50000,3576,-0.0360123,0,1,1
50000,3577,-0.0360123,0,1,1
50000,3578,-0.0360123,0,1,1
50000,3579,-0.0360123,0,1,1
50000,3580,-0.0360123,0,1,1
50000,3581,-0.0360123,0,1,1
50000,3582,-0.0360123,0,1,1
50000,3583,-0.0360123,0,1,1
50000,3584,-0.0360123,0,1,1
50000,3585,-0.0360123,0,1,1
50000,3586,-0.0360123,0,1,1
50000,3587,-0.0360123,0,1,1
50000,3588,-0.0360123,0,1,1
50000,3589,-0.0360123,0,1,1
50000,3590,-0.0360123,0,1,1
50000,3591,-0.0360123,0,1,1
50000,3592,-0.0360123,0,1,1
50000,3593,-0.0360123,0,1,1
50000,3594,-0.0360123,0,1,1
50000,3595,-0.0360123,0,1,1
50000,3596,-0.0360123,0,1,1
50000,3597,-0.0360123,0,1,1
50000,3598,-0.0360123,0,1,1
50000,3599,-0.0360123,0,1,1
50000,3600,-0.0370135,0,1,1
50000,3601,-0.0370135,0,1,1
50000,3602,-0.0370135,0,1,1
50000,3603,-0.0370135,0,1,1
50000,3604,-0.0370135,0,1,1
50000,3605,-0.0370135,0,1,1
50000,3606,-0.0370135,0,1,1
50000,3607,-0.0370135,0,1,1
50000,3608,-0.0370135,0,1,1
50000,3609,-0.0370135,0,1,1
50000,3610,-0.0370135,0,1,1
50000,3611,-0.0370135,0,1,1
50000,3612,-0.0370135,0,1,1
50000,3613,-0.0370135,0,1,1
50000,3614,-0.0370135,0,1,1
50000,3615,-0.0370135,0,1,1
50000,3616,-0.0370135,0,1,1
50000,3617,-0.0370135,0,1,1
50000,3618,-0.0370135,0,1,1
50000,3619,-0.0370135,0,1,1
50000,3620,-0.0370135,0,1,1
50000,3621,-0.0370135,0,1,1
50000,3622,-0.0370135,0,1,1
50000,3623,-0.0370135,0,1,1
50000,3624,-0.0370135,0,1,1
50000,3625,-0.0370135,0,1,1
50000,3626,-0.0370135,0,1,1
50000,3627,-0.0370135,0,1,1
50000,3628,-0.0370135,0,1,1
50000,3629,-0.0370135,0,1,1
50000,3630,-0.0370135,0,1,1
50000,3631,-0.0370135,0,1,1
50000,3632,-0.0370135,0,1,1
50000,3633,-0.0370135,0,1,1
50000,3634,-0.0370135,0,1,1
50000,3635,-0.0370135,0,1,1
50000,3636,-0.0370135,0,1,1
50000,3637,-0.0370135,0,1,1
50000,3638,-0.0370135,0,1,1
50000,3639,-0.0370135,0,1,1
50000,3640,-0.0370135,0,1,1
50000,3641,-0.0370135,0,1,1
50000,3642,-0.0370135,0,1,1
50000,3643,-0.0370135,0,1,1
50000,3644,-0.0370135,0,1,1
50000,3645,-0.0370135,0,1,1
50000,3646,-0.0370135,0,1,1
50000,3647,-0.0370135,0,1,1
50000,3648,-0.0370135,0,1,1
50000,3649,-0.0370135,0,1,1
50000,3650,-0.0370135,0,1,1
50000,3651,-0.0370135,0,1,1
50000,3652,-0.0370135,0,1,1
50000,3653,-0.0370135,0,1,1
50000,3654,-0.0370135,0,1,1
50000,3655,-0.0370135,0,1,1
50000,3656,-0.0370135,0,1,1
50000,3657,-0.0370135,0,1,1
50000,3658,-0.0370135,0,1,1
50000,3659,-0.0370135,0,1,1
50000,3660,-0.0370135,0,1,1
50000,3661,-0.0370135,0,1,1
50000,3662,-0.0370135,0,1,1
50000,3663,-0.0370135,0,1,1
50000,3664,-0.0370135,0,1,1
50000,3665,-0.0370135,0,1,1
50000,3666,-0.0370135,0,1,1
50000,3667,-0.0370135,0,1,1
50000,3668,-0.0370135,0,1,1
50000,3669,-0.0370135,0,1,1
50000,3670,-0.0370135,0,1,1
50000,3671,-0.0370135,0,1,1
50000,3672,-0.0370135,0,1,1
50000,3673,-0.0370135,0,1,1
50000,3674,-0.0370135,0,1,1
50000,3675,-0.0370135,0,1,1
50000,3676,-0.0370135,0,1,1
50000,3677,-0.0370135,0,1,1
50000,3678,-0.0370135,0,1,1
50000,3679,-0.0370135,0,1,1
50000,3680,-0.0370135,0,1,1
50000,3681,-0.0370135,0,1,1
50000,3682,-0.0370135,0,1,1
50000,3683,-0.0370135,0,1,1
50000,3684,-0.0370135,0,1,1
50000,3685,-0.0370135,0,1,1
50000,3686,-0.0370135,0,1,1
50000,3687,-0.0370135,0,1,1
50000,3688,-0.0370135,0,1,1
50000,3689,-0.0370135,0,1,1
50000,3690,-0.0370135,0,1,1
50000,3691,-0.0370135,0,1,1
50000,3692,-0.0370135,0,1,1
50000,3693,-0.0370135,0,1,1
50000,3694,-0.0370135,0,1,1
50000,3695,-0.0370135,0,1,1
50000,3696,-0.0370135,0,1,1
50000,3697,-0.0370135,0,1,1
50000,3698,-0.0370135,0,1,1
50000,3699,-0.0370135,0,1,1
50000,3700,-0.0380146,0,1,1
50000,3701,-0.0380146,0,1,1
50000,3702,-0.0380146,0,1,1
50000,3703,-0.0380146,0,1,1
50000,3704,-0.0380146,0,1,1
50000,3705,-0.0380146,0,1,1
50000,3706,-0.0380146,0,1,1
50000,3707,-0.0380146,0,1,1
50000,3708,-0.0380146,0,1,1
50000,3709,-0.0380146,0,1,1
50000,3710,-0.0380146,0,1,1
50000,3711,-0.0380146,0,1,1
50000,3712,-0.0380146,0,1,1
50000,3713,-0.0380146,0,1,1
50000,3714,-0.0380146,0,1,1
50000,3715,-0.0380146,0,1,1
50000,3716,-0.0380146,0,1,1
50000,3717,-0.0380146,0,1,1
50000,3718,-0.0380146,0,1,1
50000,3719,-0.0380146,0,1,1
50000,3720,-0.0380146,0,1,1
50000,3721,-0.0380146,0,1,1
50000,3722,-0.0380146,0,1,1
50000,3723,-0.0380146,0,1,1
50000,3724,-0.0380146,0,1,1
50000,3725,-0.0380146,0,1,1
50000,3726,-0.0380146,0,1,1
50000,3727,-0.0380146,0,1,1
50000,3728,-0.0380146,0,1,1
50000,3729,-0.0380146,0,1,1
50000,3730,-0.0380146,0,1,1
50000,3731,-0.0380146,0,1,1
50000,3732,-0.0380146,0,1,1
50000,3733,-0.0380146,0,1,1
50000,3734,-0.0380146,0,1,1
50000,3735,-0.0380146,0,1,1
50000,3736,-0.0380146,0,1,1
50000,3737,-0.0380146,0,1,1
50000,3738,-0.0380146,0,1,1
50000,3739,-0.0380146,0,1,1
50000,3740,-0.0380146,0,1,1
50000,3741,-0.0380146,0,1,1
50000,3742,-0.0380146,0,1,1
50000,3743,-0.0380146,0,1,1
50000,3744,-0.0380146,0,1,1
50000,3745,-0.0380146,0,1,1
50000,3746,-0.0380146,0,1,1
50000,3747,-0.0380146,0,1,1
50000,3748,-0.0380146,0,1,1
50000,3749,-0.0380146,0,1,1
50000,3750,-0.0380146,0,1,1
50000,3751,-0.0380146,0,1,1
50000,3752,-0.0380146,0,1,1
50000,3753,-0.0380146,0,1,1
50000,3754,-0.0380146,0,1,1
50000,3755,-0.0380146,0,1,1
50000,3756,-0.0380146,0,1,1
50000,3757,-0.0380146,0,1,1
50000,3758,-0.0380146,0,1,1
50000,3759,-0.0380146,0,1,1
50000,3760,-0.0380146,0,1,1
50000,3761,-0.0380146,0,1,1
50000,3762,-0.0380146,0,1,1
50000,3763,-0.0380146,0,1,1
50000,3764,-0.0380146,0,1,1
50000,3765,-0.0380146,0,1,1
50000,3766,-0.0380146,0,1,1
50000,3767,-0.0380146,0,1,1
50000,3768,-0.0380146,0,1,1
50000,3769,-0.0380146,0,1,1
50000,3770,-0.0380146,0,1,1
50000,3771,-0.0380146,0,1,1
50000,3772,-0.0380146,0,1,1
50000,3773,-0.0380146,0,1,1
50000,3774,-0.0380146,0,1,1
50000,3775,-0.0380146,0,1,1
50000,3776,-0.0380146,0,1,1
50000,3777,-0.0380146,0,1,1
50000,3778,-0.0380146,0,1,1
50000,3779,-0.0380146,0,1,1
50000,3780,-0.0380146,0,1,1
50000,3781,-0.0380146,0,1,1
50000,3782,-0.0380146,0,1,1
50000,3783,-0.0380146,0,1,1
50000,3784,-0.0380146,0,1,1
50000,3785,-0.0380146,0,1,1
50000,3786,-0.0380146,0,1,1
50000,3787,-0.0380146,0,1,1
50000,3788,-0.0380146,0,1,1
50000,3789,-0.0380146,0,1,1
50000,3790,-0.0380146,0,1,1
50000,3791,-0.0380146,0,1,1
50000,3792,-0.0380146,0,1,1
50000,3793,-0.0380146,0,1,1
50000,3794,-0.0380146,0,1,1
50000,3795,-0.0380146,0,1,1
50000,3796,-0.0380146,0,1,1
50000,3797,-0.0380146,0,1,1
50000,3798,-0.0380146,0,1,1
50000,3799,-0.0380146,0,1,1
50000,3800,-0.0390158,0,1,1
50000,3801,-0.0390158,0,1,1
50000,3802,-0.0390158,0,1,1
50000,3803,-0.0390158,0,1,1
50000,3804,-0.0390158,0,1,1
50000,3805,-0.0390158,0,1,1
50000,3806,-0.0390158,0,1,1
50000,3807,-0.0390158,0,1,1
50000,3808,-0.0390158,0,1,1
50000,3809,-0.0390158,0,1,1
50000,3810,-0.0390158,0,1,1
50000,3811,-0.0390158,0,1,1
50000,3812,-0.0390158,0,1,1
50000,3813,-0.0390158,0,1,1
50000,3814,-0.0390158,0,1,1
50000,3815,-0.0390158,0,1,1
50000,3816,-0.0390158,0,1,1
50000,3817,-0.0390158,0,1,1
50000,3818,-0.0390158,0,1,1
50000,3819,-0.0390158,0,1,1
50000,3820,-0.0390158,0,1,1
50000,3821,-0.0390158,0,1,1
50000,3822,-0.0390158,0,1,1
50000,3823,-0.0390158,0,1,1
50000,3824,-0.0390158,0,1,1
50000,3825,-0.0390158,0,1,1
50000,3826,-0.0390158,0,1,1
50000,3827,-0.0390158,0,1,1
50000,3828,-0.0390158,0,1,1
50000,3829,-0.0390158,0,1,1
50000,3830,-0.0390158,0,1,1
50000,3831,-0.0390158,0,1,1
50000,3832,-0.0390158,0,1,1
50000,3833,-0.0390158,0,1,1
50000,3834,-0.0390158,0,1,1
50000,3835,-0.0390158,0,1,1
50000,3836,-0.0390158,0,1,1
50000,3837,-0.0390158,0,1,1
50000,3838,-0.0390158,0,1,1
50000,3839,-0.0390158,0,1,1
50000,3840,-0.0390158,0,1,1
50000,3841,-0.0390158,0,1,1
50000,3842,-0.0390158,0,1,1
50000,3843,-0.0390158,0,1,1
50000,3844,-0.0390158,0,1,1
50000,3845,-0.0390158,0,1,1
50000,3846,-0.0390158,0,1,1
50000,3847,-0.0390158,0,1,1
50000,3848,-0.0390158,0,1,1
50000,3849,-0.0390158,0,1,1
50000,3850,-0.0390158,0,1,1
50000,3851,-0.0390158,0,1,1
50000,3852,-0.0390158,0,1,1
50000,3853,-0.0390158,0,1,1
50000,3854,-0.0390158,0,1,1
50000,3855,-0.0390158,0,1,1
50000,3856,-0.0390158,0,1,1
50000,3857,-0.0390158,0,1,1
50000,3858,-0.0390158,0,1,1
50000,3859,-0.0390158,0,1,1
50000,3860,-0.0390158,0,1,1
50000,3861,-0.0390158,0,1,1
50000,3862,-0.0390158,0,1,1
50000,3863,-0.0390158,0,1,1
50000,3864,-0.0390158,0,1,1
50000,3865,-0.0390158,0,1,1
50000,3866,-0.0390158,0,1,1
50000,3867,-0.0390158,0,1,1
50000,3868,-0.0390158,0,1,1
50000,3869,-0.0390158,0,1,1
50000,3870,-0.0390158,0,1,1
50000,3871,-0.0390158,0,1,1
50000,3872,-0.0390158,0,1,1
50000,3873,-0.0390158,0,1,1
50000,3874,-0.0390158,0,1,1
50000,3875,-0.0390158,0,1,1
50000,3876,-0.0390158,0,1,1
50000,3877,-0.0390158,0,1,1
50000,3878,-0.0390158,0,1,1
50000,3879,-0.0390158,0,1,1
50000,3880,-0.0390158,0,1,1
50000,3881,-0.0390158,0,1,1
50000,3882,-0.0390158,0,1,1
50000,3883,-0.0390158,0,1,1
50000,3884,-0.0390158,0,1,1
50000,3885,-0.0390158,0,1,1
50000,3886,-0.0390158,0,1,1
50000,3887,-0.0390158,0,1,1
50000,3888,-0.0390158,0,1,1
50000,3889,-0.0390158,0,1,1
50000,3890,-0.0390158,0,1,1
50000,3891,-0.0390158,0,1,1
50000,3892,-0.0390158,0,1,1
50000,3893,-0.0390158,0,1,1
50000,3894,-0.0390158,0,1,1
50000,3895,-0.0390158,0,1,1
50000,3896,-0.0390158,0,1,1
50000,3897,-0.0390158,0,1,1
50000,3898,-0.0390158,0,1,1
50000,3899,-0.0390158,0,1,1
50000,3900,-0.0400169,0,0,0
50000,3901,-0.0400169,0,0,0
50000,3902,-0.0400169,0,0,0
50000,3903,-0.0400169,0,0,0
50000,3904,-0.0400169,0,0,0
50000,3905,-0.0400169,0,0,0
50000,3906,-0.0400169,0,0,0
50000,3907,-0.0400169,0,0,0
50000,3908,-0.0400169,0,0,0
50000,3909,-0.0400169,0,0,0
50000,3910,-0.0400169,0,0,0
50000,3911,-0.0400169,0,0,0
50000,3912,-0.0400169,0,0,0
50000,3913,-0.0400169,0,0,0
50000,3914,-0.0400169,0,0,0
50000,3915,-0.0400169,0,0,0
50000,3916,-0.0400169,0,0,0
50000,3917,-0.0400169,0,0,0
50000,3918,-0.0400169,0,0,0
50000,3919,-0.0400169,0,0,0
50000,3920,-0.0400169,0,0,0
50000,3921,-0.0400169,0,0,0
50000,3922,-0.0400169,0,0,0
50000,3923,-0.0400169,0,0,0
50000,3924,-0.0400169,0,0,0
50000,3925,-0.0400169,0,0,0
50000,3926,-0.0400169,0,0,0
50000,3927,-0.0400169,0,0,0
50000,3928,-0.0400169,0,0,0
50000,3929,-0.0400169,0,0,0
50000,3930,-0.0400169,0,0,0
50000,3931,-0.0400169,0,0,0
50000,3932,-0.0400169,0,0,0
50000,3933,-0.0400169,0,0,0
50000,3934,-0.0400169,0,0,0
50000,3935,-0.0400169,0,0,0
50000,3936,-0.0400169,0,0,0
50000,3937,-0.0400169,0,0,0
50000,3938,-0.0400169,0,0,0
50000,3939,-0.0400169,0,0,0
50000,3940,-0.0400169,0,0,0
50000,3941,-0.0400169,0,0,0
50000,3942,-0.0400169,0,0,0
50000,3943,-0.0400169,0,0,0
50000,3944,-0.0400169,0,0,0
50000,3945,-0.0400169,0,0,0
50000,3946,-0.0400169,0,0,0
50000,3947,-0.0400169,0,0,0
50000,3948,-0.0400169,0,0,0
50000,3949,-0.0400169,0,0,0
50000,3950,-0.0400169,0,0,0
50000,3951,-0.0400169,0,0,0
50000,3952,-0.0400169,0,0,0
50000,3953,-0.0400169,0,0,0
50000,3954,-0.0400169,0,0,0
50000,3955,-0.0400169,0,0,0
50000,3956,-0.0400169,0,0,0
50000,3957,-0.0400169,0,0,0
50000,3958,-0.0400169,0,0,0
50000,3959,-0.0400169,0,0,0
50000,3960,-0.0400169,0,0,0
50000,3961,-0.0400169,0,0,0
50000,3962,-0.0400169,0,0,0
50000,3963,-0.0400169,0,0,0
50000,3964,-0.0400169,0,0,0
50000,3965,-0.0400169,0,0,0
50000,3966,-0.0400169,0,0,0
50000,3967,-0.0400169,0,0,0
50000,3968,-0.0400169,0,0,0
50000,3969,-0.0400169,0,0,0
50000,3970,-0.0400169,0,0,0
50000,3971,-0.0400169,0,0,0
50000,3972,-0.0400169,0,0,0
50000,3973,-0.0400169,0,0,0
50000,3974,-0.0400169,0,0,0
50000,3975,-0.0400169,0,0,0
50000,3976,-0.0400169,0,0,0
50000,3977,-0.0400169,0,0,0
50000,3978,-0.0400169,0,0,0
50000,3979,-0.0400169,0,0,0
50000,3980,-0.0400169,0,0,0
50000,3981,-0.0400169,0,0,0
50000,3982,-0.0400169,0,0,0
50000,3983,-0.0400169,0,0,0
50000,3984,-0.0400169,0,0,0
50000,3985,-0.0400169,0,0,0
50000,3986,-0.0400169,0,0,0
50000,3987,-0.0400169,0,0,0
50000,3988,-0.0400169,0,0,0
50000,3989,-0.0400169,0,0,0
50000,3990,-0.0400169,0,0,0
50000,3991,-0.0400169,0,0,0
50000,3992,-0.0400169,0,0,0
50000,3993,-0.0400169,0,0,0
50000,3994,-0.0400169,0,0,0
50000,3995,-0.0400169,0,0,0
50000,3996,-0.0400169,0,0,0
50000,3997,-0.0400169,0,0,0
50000,3998,-0.0400169,0,0,0
50000,3999,-0.0400169,0,0,0
50000,4000,-0.0410154,0,0,0
50000,4001,-0.0410154,0,0,0
50000,4002,-0.0410154,0,0,0
50000,4003,-0.0410154,0,0,0
50000,4004,-0.0410154,0,0,0
50000,4005,-0.0410154,0,0,0
50000,4006,-0.0410154,0,0,0
50000,4007,-0.0410154,0,0,0
50000,4008,-0.0410154,0,0,0
50000,4009,-0.0410154,0,0,0
50000,4010,-0.0410154,0,0,0
50000,4011,-0.0410154,0,0,0
50000,4012,-0.0410154,0,0,0
50000,4013,-0.0410154,0,0,0
50000,4014,-0.0410154,0,0,0
50000,4015,-0.0410154,0,0,0
50000,4016,-0.0410154,0,0,0
50000,4017,-0.0410154,0,0,0
50000,4018,-0.0410154,0,0,0
50000,4019,-0.0410154,0,0,0
50000,4020,-0.0410154,0,0,0
50000,4021,-0.0410154,0,0,0
50000,4022,-0.0410154,0,0,0
50000,4023,-0.0410154,0,0,0
50000,4024,-0.0410154,0,0,0
50000,4025,-0.0410154,0,0,0
50000,4026,-0.0410154,0,0,0
50000,4027,-0.0410154,0,0,0
50000,4028,-0.0410154,0,0,0
50000,4029,-0.0410154,0,0,0
50000,4030,-0.0410154,0,0,0
50000,4031,-0.0410154,0,0,0
50000,4032,-0.0410154,0,0,0
50000,4033,-0.0410154,0,0,0
50000,4034,-0.0410154,0,0,0
50000,4035,-0.0410154,0,0,0
50000,4036,-0.0410154,0,0,0
50000,4037,-0.0410154,0,0,0
50000,4038,-0.0410154,0,0,0
50000,4039,-0.0410154,0,0,0
50000,4040,-0.0410154,0,0,0
50000,4041,-0.0410154,0,0,0
50000,4042,-0.0410154,0,0,0
50000,4043,-0.0410154,0,0,0
50000,4044,-0.0410154,0,0,0
50000,4045,-0.0410154,0,0,0
50000,4046,-0.0410154,0,0,0
50000,4047,-0.0410154,0,0,0
50000,4048,-0.0410154,0,0,0
50000,4049,-0.0410154,0,0,0
50000,4050,-0.0410154,0,0,0
50000,4051,-0.0410154,0,0,0
50000,4052,-0.0410154,0,0,0
50000,4053,-0.0410154,0,0,0
50000,4054,-0.0410154,0,0,0
50000,4055,-0.0410154,0,0,0
50000,4056,-0.0410154,0,0,0
50000,4057,-0.0410154,0,0,0
50000,4058,-0.0410154,0,0,0
50000,4059,-0.0410154,0,0,0
50000,4060,-0.0410154,0,0,0
50000,4061,-0.0410154,0,0,0
50000,4062,-0.0410154,0,0,0
50000,4063,-0.0410154,0,0,0
50000,4064,-0.0410154,0,0,0
50000,4065,-0.0410154,0,0,0
50000,4066,-0.0410154,0,0,0
50000,4067,-0.0410154,0,0,0
50000,4068,-0.0410154,0,0,0
50000,4069,-0.0410154,0,0,0
50000,4070,-0.0410154,0,0,0
50000,4071,-0.0410154,0,0,0
50000,4072,-0.0410154,0,0,0
50000,4073,-0.0410154,0,0,0
50000,4074,-0.0410154,0,0,0
50000,4075,-0.0410154,0,0,0
50000,4076,-0.0410154,0,0,0
50000,4077,-0.0410154,0,0,0
50000,4078,-0.0410154,0,0,0
50000,4079,-0.0410154,0,0,0
50000,4080,-0.0410154,0,0,0
50000,4081,-0.0410154,0,0,0
50000,4082,-0.0410154,0,0,0
50000,4083,-0.0410154,0,0,0
50000,4084,-0.0410154,0,0,0
50000,4085,-0.0410154,0,0,0
50000,4086,-0.0410154,0,0,0
50000,4087,-0.0410154,0,0,0
50000,4088,-0.0410154,0,0,0
50000,4089,-0.0410154,0,0,0
50000,4090,-0.0410154,0,0,0
50000,4091,-0.0410154,0,0,0
50000,4092,-0.0410154,0,0,0
50000,4093,-0.0410154,0,0,0
50000,4094,-0.0410154,0,0,0
50000,4095,-0.0410154,0,0,0
50000,4096,-0.0410154,0,0,0
50000,4097,-0.0410154,0,0,0
50000,4098,-0.0410154,0,0,0
50000,4099,-0.0410154,0,0,0
50000,4100,-0.0420139,0,0,0
50000,4101,-0.0420139,0,0,0
50000,4102,-0.0420139,0,0,0
50000,4103,-0.0420139,0,0,0
50000,4104,-0.0420139,0,0,0
50000,4105,-0.0420139,0,0,0
50000,4106,-0.0420139,0,0,0
50000,4107,-0.0420139,0,0,0
50000,4108,-0.0420139,0,0,0
50000,4109,-0.0420139,0,0,0
50000,4110,-0.0420139,0,0,0
50000,4111,-0.0420139,0,0,0
50000,4112,-0.0420139,0,0,0
50000,4113,-0.0420139,0,0,0
50000,4114,-0.0420139,0,0,0
50000,4115,-0.0420139,0,0,0
50000,4116,-0.0420139,0,0,0
50000,4117,-0.0420139,0,0,0
50000,4118,-0.0420139,0,0,0
50000,4119,-0.0420139,0,0,0
50000,4120,-0.0420139,0,0,0
50000,4121,-0.0420139,0,0,0
50000,4122,-0.0420139,0,0,0
50000,4123,-0.0420139,0,0,0
50000,4124,-0.0420139,0,0,0
50000,4125,-0.0420139,0,0,0
50000,4126,-0.0420139,0,0,0
50000,4127,-0.0420139,0,0,0
50000,4128,-0.0420139,0,0,0
50000,4129,-0.0420139,0,0,0
50000,4130,-0.0420139,0,0,0
50000,4131,-0.0420139,0,0,0
50000,4132,-0.0420139,0,0,0
50000,4133,-0.0420139,0,0,0
50000,4134,-0.0420139,0,0,0
50000,4135,-0.0420139,0,0,0
50000,4136,-0.0420139,0,0,0
50000,4137,-0.0420139,0,0,0
50000,4138,-0.0420139,0,0,0
50000,4139,-0.0420139,0,0,0
50000,4140,-0.0420139,0,0,0
50000,4141,-0.0420139,0,0,0
50000,4142,-0.0420139,0,0,0
50000,4143,-0.0420139,0,0,0
50000,4144,-0.0420139,0,0,0
50000,4145,-0.0420139,0,0,0
50000,4146,-0.0420139,0,0,0
50000,4147,-0.0420139,0,0,0
50000,4148,-0.0420139,0,0,0
50000,4149,-0.0420139,0,0,0
50000,4150,-0.0420139,0,0,0
50000,4151,-0.0420139,0,0,0
50000,4152,-0.0420139,0,0,0
50000,4153,-0.0420139,0,0,0
50000,4154,-0.0420139,0,0,0
50000,4155,-0.0420139,0,0,0
50000,4156,-0.0420139,0,0,0
50000,4157,-0.0420139,0,0,0
50000,4158,-0.0420139,0,0,0
50000,4159,-0.0420139,0,0,0
50000,4160,-0.0420139,0,0,0
50000,4161,-0.0420139,0,0,0
50000,4162,-0.0420139,0,0,0
50000,4163,-0.0420139,0,0,0
50000,4164,-0.0420139,0,0,0
50000,4165,-0.0420139,0,0,0
50000,4166,-0.0420139,0,0,0
50000,4167,-0.0420139,0,0,0
50000,4168,-0.0420139,0,0,0
50000,4169,-0.0420139,0,0,0
50000,4170,-0.0420139,0,0,0
50000,4171,-0.0420139,0,0,0
50000,4172,-0.0420139,0,0,0
50000,4173,-0.0420139,0,0,0
50000,4174,-0.0420139,0,0,0
50000,4175,-0.0420139,0,0,0
50000,4176,-0.0420139,0,0,0
50000,4177,-0.0420139,0,0,0
50000,4178,-0.0420139,0,0,0
50000,4179,-0.0420139,0,0,0
50000,4180,-0.0420139,0,0,0
50000,4181,-0.0420139,0,0,0
50000,4182,-0.0420139,0,0,0
50000,4183,-0.0420139,0,0,0
50000,4184,-0.0420139,0,0,0
50000,4185,-0.0420139,0,0,0
50000,4186,-0.0420139,0,0,0
50000,4187,-0.0420139,0,0,0
50000,4188,-0.0420139,0,0,0
50000,4189,-0.0420139,0,0,0
50000,4190,-0.0420139,0,0,0
50000,4191,-0.0420139,0,0,0
50000,4192,-0.0420139,0,0,0
50000,4193,-0.0420139,0,0,0
50000,4194,-0.0420139,0,0,0
50000,4195,-0.0420139,0,0,0
50000,4196,-0.0420139,0,0,0
50000,4197,-0.0420139,0,0,0
50000,4198,-0.0420139,0,0,0
50000,4199,-0.0420139,0,0,0
50000,4200,-0.0430123,0,0,0
50000,4201,-0.0430123,0,0,0
50000,4202,-0.0430123,0,0,0
50000,4203,-0.0430123,0,0,0
50000,4204,-0.0430123,0,0,0
50000,4205,-0.0430123,0,0,0
50000,4206,-0.0430123,0,0,0
50000,4207,-0.0430123,0,0,0
50000,4208,-0.0430123,0,0,0
50000,4209,-0.0430123,0,0,0
50000,4210,-0.0430123,0,0,0
50000,4211,-0.0430123,0,0,0
50000,4212,-0.0430123,0,0,0
50000,4213,-0.0430123,0,0,0
50000,4214,-0.0430123,0,0,0
50000,4215,-0.0430123,0,0,0
50000,4216,-0.0430123,0,0,0
50000,4217,-0.0430123,0,0,0
50000,4218,-0.0430123,0,0,0
50000,4219,-0.0430123,0,0,0
50000,4220,-0.0430123,0,0,0
50000,4221,-0.0430123,0,0,0
50000,4222,-0.0430123,0,0,0
50000,4223,-0.0430123,0,0,0
50000,4224,-0.0430123,0,0,0
50000,4225,-0.0430123,0,0,0
50000,4226,-0.0430123,0,0,0
50000,4227,-0.0430123,0,0,0
50000,4228,-0.0430123,0,0,0
50000,4229,-0.0430123,0,0,0
50000,4230,-0.0430123,0,0,0
50000,4231,-0.0430123,0,0,0
50000,4232,-0.0430123,0,0,0
50000,4233,-0.0430123,0,0,0
50000,4234,-0.0430123,0,0,0
50000,4235,-0.0430123,0,0,0
50000,4236,-0.0430123,0,0,0
50000,4237,-0.0430123,0,0,0
50000,4238,-0.0430123,0,0,0
50000,4239,-0.0430123,0,0,0
50000,4240,-0.0430123,0,0,0
50000,4241,-0.0430123,0,0,0
50000,4242,-0.0430123,0,0,0
50000,4243,-0.0430123,0,0,0
50000,4244,-0.0430123,0,0,0
50000,4245,-0.0430123,0,0,0
50000,4246,-0.0430123,0,0,0
50000,4247,-0.0430123,0,0,0
50000,4248,-0.0430123,0,0,0
50000,4249,-0.0430123,0,0,0
50000,4250,-0.0430123,0,0,0
50000,4251,-0.0430123,0,0,0
50000,4252,-0.0430123,0,0,0
50000,4253,-0.0430123,0,0,0
50000,4254,-0.0430123,0,0,0
50000,4255,-0.0430123,0,0,0
50000,4256,-0.0430123,0,0,0
50000,4257,-0.0430123,0,0,0
50000,4258,-0.0430123,0,0,0
50000,4259,-0.0430123,0,0,0
50000,4260,-0.0430123,0,0,0
50000,4261,-0.0430123,0,0,0
50000,4262,-0.0430123,0,0,0
50000,4263,-0.0430123,0,0,0
50000,4264,-0.0430123,0,0,0
50000,4265,-0.0430123,0,0,0
50000,4266,-0.0430123,0,0,0
50000,4267,-0.0430123,0,0,0
50000,4268,-0.0430123,0,0,0
50000,4269,-0.0430123,0,0,0
50000,4270,-0.0430123,0,0,0
50000,4271,-0.0430123,0,0,0
50000,4272,-0.0430123,0,0,0
50000,4273,-0.0430123,0,0,0
50000,4274,-0.0430123,0,0,0
50000,4275,-0.0430123,0,0,0
50000,4276,-0.0430123,0,0,0
50000,4277,-0.0430123,0,0,0
50000,4278,-0.0430123,0,0,0
50000,4279,-0.0430123,0,0,0
50000,4280,-0.0430123,0,0,0
50000,4281,-0.0430123,0,0,0
50000,4282,-0.0430123,0,0,0
50000,4283,-0.0430123,0,0,0
50000,4284,-0.0430123,0,0,0
50000,4285,-0.0430123,0,0,0
50000,4286,-0.0430123,0,0,0
50000,4287,-0.0430123,0,0,0
50000,4288,-0.0430123,0,0,0
50000,4289,-0.0430123,0,0,0
50000,4290,-0.0430123,0,0,0
50000,4291,-0.0430123,0,0,0
50000,4292,-0.0430123,0,0,0
50000,4293,-0.0430123,0,0,0
50000,4294,-0.0430123,0,0,0
50000,4295,-0.0430123,0,0,0
50000,4296,-0.0430123,0,0,0
50000,4297,-0.0430123,0,0,0
50000,4298,-0.0430123,0,0,0
50000,4299,-0.0430123,0,0,0
50000,4300,-0.0440106,0,0,0
50000,4301,-0.0440106,0,0,0
50000,4302,-0.0440106,0,0,0
50000,4303,-0.0440106,0,0,0
50000,4304,-0.0440106,0,0,0
50000,4305,-0.0440106,0,0,0
50000,4306,-0.0440106,0,0,0
50000,4307,-0.0440106,0,0,0
50000,4308,-0.0440106,0,0,0
50000,4309,-0.0440106,0,0,0
50000,4310,-0.0440106,0,0,0
50000,4311,-0.0440106,0,0,0
50000,4312,-0.0440106,0,0,0
50000,4313,-0.0440106,0,0,0
50000,4314,-0.0440106,0,0,0
50000,4315,-0.0440106,0,0,0
50000,4316,-0.0440106,0,0,0
50000,4317,-0.0440106,0,0,0
50000,4318,-0.0440106,0,0,0
50000,4319,-0.0440106,0,0,0
50000,4320,-0.0440106,0,0,0
50000,4321,-0.0440106,0,0,0
50000,4322,-0.0440106,0,0,0
50000,4323,-0.0440106,0,0,0
50000,4324,-0.0440106,0,0,0
50000,4325,-0.0440106,0,0,0
50000,4326,-0.0440106,0,0,0
50000,4327,-0.0440106,0,0,0
50000,4328,-0.0440106,0,0,0
50000,4329,-0.0440106,0,0,0
50000,4330,-0.0440106,0,0,0
50000,4331,-0.0440106,0,0,0
50000,4332,-0.0440106,0,0,0
50000,4333,-0.0440106,0,0,0
50000,4334,-0.0440106,0,0,0
50000,4335,-0.0440106,0,0,0
50000,4336,-0.0440106,0,0,0
50000,4337,-0.0440106,0,0,0
50000,4338,-0.0440106,0,0,0
50000,4339,-0.0440106,0,0,0
50000,4340,-0.0440106,0,0,0
50000,4341,-0.0440106,0,0,0
50000,4342,-0.0440106,0,0,0
50000,4343,-0.0440106,0,0,0
50000,4344,-0.0440106,0,0,0
50000,4345,-0.0440106,0,0,0
50000,4346,-0.0440106,0,0,0
50000,4347,-0.0440106,0,0,0
50000,4348,-0.0440106,0,0,0
50000,4349,-0.0440106,0,0,0
50000,4350,-0.0440106,0,0,0
50000,4351,-0.0440106,0,0,0
50000,4352,-0.0440106,0,0,0
50000,4353,-0.0440106,0,0,0
50000,4354,-0.0440106,0,0,0
50000,4355,-0.0440106,0,0,0
50000,4356,-0.0440106,0,0,0
50000,4357,-0.0440106,0,0,0
50000,4358,-0.0440106,0,0,0
50000,4359,-0.0440106,0,0,0
50000,4360,-0.0440106,0,0,0
50000,4361,-0.0440106,0,0,0
50000,4362,-0.0440106,0,0,0
50000,4363,-0.0440106,0,0,0
50000,4364,-0.0440106,0,0,0
50000,4365,-0.0440106,0,0,0
50000,4366,-0.0440106,0,0,0
50000,4367,-0.0440106,0,0,0
50000,4368,-0.0440106,0,0,0
50000,4369,-0.0440106,0,0,0
50000,4370,-0.0440106,0,0,0
50000,4371,-0.0440106,0,0,0
50000,4372,-0.0440106,0,0,0
50000,4373,-0.0440106,0,0,0
50000,4374,-0.0440106,0,0,0
50000,4375,-0.0440106,0,0,0
50000,4376,-0.0440106,0,0,0
50000,4377,-0.0440106,0,0,0
50000,4378,-0.0440106,0,0,0
50000,4379,-0.0440106,0,0,0
50000,4380,-0.0440106,0,0,0
50000,4381,-0.0440106,0,0,0
50000,4382,-0.0440106,0,0,0
50000,4383,-0.0440106,0,0,0
50000,4384,-0.0440106,0,0,0
50000,4385,-0.0440106,0,0,0
50000,4386,-0.0440106,0,0,0
50000,4387,-0.0440106,0,0,0
50000,4388,-0.0440106,0,0,0
50000,4389,-0.0440106,0,0,0
50000,4390,-0.0440106,0,0,0
50000,4391,-0.0440106,0,0,0
50000,4392,-0.0440106,0,0,0
50000,4393,-0.0440106,0,0,0
50000,4394,-0.0440106,0,0,0
50000,4395,-0.0440106,0,0,0
50000,4396,-0.0440106,0,0,0
50000,4397,-0.0440106,0,0,0
50000,4398,-0.0440106,0,0,0
50000,4399,-0.0440106,0,0,0
50000,4400,-0.045009,0,0,0
50000,4401,-0.045009,0,0,0
50000,4402,-0.045009,0,0,0
50000,4403,-0.045009,0,0,0
50000,4404,-0.045009,0,0,0
50000,4405,-0.045009,0,0,0
50000,4406,-0.045009,0,0,0
50000,4407,-0.045009,0,0,0
50000,4408,-0.045009,0,0,0
50000,4409,-0.045009,0,0,0
50000,4410,-0.045009,0,0,0
50000,4411,-0.045009,0,0,0
50000,4412,-0.045009,0,0,0
50000,4413,-0.045009,0,0,0
50000,4414,-0.045009,0,0,0
50000,4415,-0.045009,0,0,0
50000,4416,-0.045009,0,0,0
50000,4417,-0.045009,0,0,0
50000,4418,-0.045009,0,0,0
50000,4419,-0.045009,0,0,0
50000,4420,-0.045009,0,0,0
50000,4421,-0.045009,0,0,0
50000,4422,-0.045009,0,0,0
50000,4423,-0.045009,0,0,0
50000,4424,-0.045009,0,0,0
50000,4425,-0.045009,0,0,0
50000,4426,-0.045009,0,0,0
50000,4427,-0.045009,0,0,0
50000,4428,-0.045009,0,0,0
50000,4429,-0.045009,0,0,0
50000,4430,-0.045009,0,0,0
50000,4431,-0.045009,0,0,0
50000,4432,-0.045009,0,0,0
50000,4433,-0.045009,0,0,0
50000,4434,-0.045009,0,0,0
50000,4435,-0.045009,0,0,0
50000,4436,-0.045009,0,0,0
50000,4437,-0.045009,0,0,0
50000,4438,-0.045009,0,0,0
50000,4439,-0.045009,0,0,0
50000,4440,-0.045009,0,0,0
50000,4441,-0.045009,0,0,0
50000,4442,-0.045009,0,0,0
50000,4443,-0.045009,0,0,0
50000,4444,-0.045009,0,0,0
50000,4445,-0.045009,0,0,0
50000,4446,-0.045009,0,0,0
50000,4447,-0.045009,0,0,0
50000,4448,-0.045009,0,0,0
50000,4449,-0.045009,0,0,0
50000,4450,-0.045009,0,0,0
50000,4451,-0.045009,0,0,0
50000,4452,-0.045009,0,0,0
50000,4453,-0.045009,0,0,0
50000,4454,-0.045009,0,0,0
50000,4455,-0.045009,0,0,0
50000,4456,-0.045009,0,0,0
50000,4457,-0.045009,0,0,0
50000,4458,-0.045009,0,0,0
50000,4459,-0.045009,0,0,0
50000,4460,-0.045009,0,0,0
50000,4461,-0.045009,0,0,0
50000,4462,-0.045009,0,0,0
50000,4463,-0.045009,0,0,0
50000,4464,-0.045009,0,0,0
50000,4465,-0.045009,0,0,0
50000,4466,-0.045009,0,0,0
50000,4467,-0.045009,0,0,0
50000,4468,-0.045009,0,0,0
50000,4469,-0.045009,0,0,0
50000,4470,-0.045009,0,0,0
50000,4471,-0.045009,0,0,0
50000,4472,-0.045009,0,0,0
50000,4473,-0.045009,0,0,0
50000,4474,-0.045009,0,0,0
50000,4475,-0.045009,0,0,0
50000,4476,-0.045009,0,0,0
50000,4477,-0.045009,0,0,0
50000,4478,-0.045009,0,0,0
50000,4479,-0.045009,0,0,0
50000,4480,-0.045009,0,0,0
50000,4481,-0.045009,0,0,0
50000,4482,-0.045009,0,0,0
50000,4483,-0.045009,0,0,0
50000,4484,-0.045009,0,0,0
50000,4485,-0.045009,0,0,0
50000,4486,-0.045009,0,0,0
50000,4487,-0.045009,0,0,0
50000,4488,-0.045009,0,0,0
50000,4489,-0.045009,0,0,0
50000,4490,-0.045009,0,0,0
50000,4491,-0.045009,0,0,0
50000,4492,-0.045009,0,0,0
50000,4493,-0.045009,0,0,0
50000,4494,-0.045009,0,0,0
50000,4495,-0.045009,0,0,0
50000,4496,-0.045009,0,0,0
50000,4497,-0.045009,0,0,0
50000,4498,-0.045009,0,0,0
50000,4499,-0.045009,0,0,0
50000,4500,-0.0460073,0,0,0
50000,4501,-0.0460073,0,0,0
50000,4502,-0.0460073,0,0,0
50000,4503,-0.0460073,0,0,0
50000,4504,-0.0460073,0,0,0
50000,4505,-0.0460073,0,0,0
50000,4506,-0.0460073,0,0,0
50000,4507,-0.0460073,0,0,0
50000,4508,-0.0460073,0,0,0
50000,4509,-0.0460073,0,0,0
50000,4510,-0.0460073,0,0,0
50000,4511,-0.0460073,0,0,0
50000,4512,-0.0460073,0,0,0
50000,4513,-0.0460073,0,0,0
50000,4514,-0.0460073,0,0,0
50000,4515,-0.0460073,0,0,0
50000,4516,-0.0460073,0,0,0
50000,4517,-0.0460073,0,0,0
50000,4518,-0.0460073,0,0,0
50000,4519,-0.0460073,0,0,0
50000,4520,-0.0460073,0,0,0
50000,4521,-0.0460073,0,0,0
50000,4522,-0.0460073,0,0,0
50000,4523,-0.0460073,0,0,0
50000,4524,-0.0460073,0,0,0
50000,4525,-0.0460073,0,0,0
50000,4526,-0.0460073,0,0,0
50000,4527,-0.0460073,0,0,0
50000,4528,-0.0460073,0,0,0
50000,4529,-0.0460073,0,0,0
50000,4530,-0.0460073,0,0,0
50000,4531,-0.0460073,0,0,0
50000,4532,-0.0460073,0,0,0
50000,4533,-0.0460073,0,0,0
50000,4534,-0.0460073,0,0,0
50000,4535,-0.0460073,0,0,0
50000,4536,-0.0460073,0,0,0
50000,4537,-0.0460073,0,0,0
50000,4538,-0.0460073,0,0,0
50000,4539,-0.0460073,0,0,0
50000,4540,-0.0460073,0,0,0
50000,4541,-0.0460073,0,0,0
50000,4542,-0.0460073,0,0,0
50000,4543,-0.0460073,0,0,0
50000,4544,-0.0460073,0,0,0
50000,4545,-0.0460073,0,0,0
50000,4546,-0.0460073,0,0,0
50000,4547,-0.0460073,0,0,0
50000,4548,-0.0460073,0,0,0
50000,4549,-0.0460073,0,0,0
50000,4550,-0.0460073,0,0,0
50000,4551,-0.0460073,0,0,0
50000,4552,-0.0460073,0,0,0
50000,4553,-0.0460073,0,0,0
50000,4554,-0.0460073,0,0,0
50000,4555,-0.0460073,0,0,0
50000,4556,-0.0460073,0,0,0
50000,4557,-0.0460073,0,0,0
50000,4558,-0.0460073,0,0,0
50000,4559,-0.0460073,0,0,0
50000,4560,-0.0460073,0,0,0
50000,4561,-0.0460073,0,0,0
50000,4562,-0.0460073,0,0,0
50000,4563,-0.0460073,0,0,0
50000,4564,-0.0460073,0,0,0
50000,4565,-0.0460073,0,0,0
50000,4566,-0.0460073,0,0,0
50000,4567,-0.0460073,0,0,0
50000,4568,-0.0460073,0,0,0
50000,4569,-0.0460073,0,0,0
50000,4570,-0.0460073,0,0,0
50000,4571,-0.0460073,0,0,0
50000,4572,-0.0460073,0,0,0
50000,4573,-0.0460073,0,0,0
50000,4574,-0.0460073,0,0,0
50000,4575,-0.0460073,0,0,0
50000,4576,-0.0460073,0,0,0
50000,4577,-0.0460073,0,0,0
50000,4578,-0.0460073,0,0,0
50000,4579,-0.0460073,0,0,0
50000,4580,-0.0460073,0,0,0
50000,4581,-0.0460073,0,0,0
50000,4582,-0.0460073,0,0,0
50000,4583,-0.0460073,0,0,0
50000,4584,-0.0460073,0,0,0
50000,4585,-0.0460073,0,0,0
50000,4586,-0.0460073,0,0,0
50000,4587,-0.0460073,0,0,0
50000,4588,-0.0460073,0,0,0
50000,4589,-0.0460073,0,0,0
50000,4590,-0.0460073,0,0,0
50000,4591,-0.0460073,0,0,0
50000,4592,-0.0460073,0,0,0
50000,4593,-0.0460073,0,0,0
50000,4594,-0.0460073,0,0,0
50000,4595,-0.0460073,0,0,0
50000,4596,-0.0460073,0,0,0
50000,4597,-0.0460073,0,0,0
50000,4598,-0.0460073,0,0,0
50000,4599,-0.0460073,0,0,0
50000,4600,-0.0470055,0,0,0
50000,4601,-0.0470055,0,0,0
50000,4602,-0.0470055,0,0,0
50000,4603,-0.0470055,0,0,0
50000,4604,-0.0470055,0,0,0
50000,4605,-0.0470055,0,0,0
50000,4606,-0.0470055,0,0,0
50000,4607,-0.0470055,0,0,0
50000,4608,-0.0470055,0,0,0
50000,4609,-0.0470055,0,0,0
50000,4610,-0.0470055,0,0,0
50000,4611,-0.0470055,0,0,0
50000,4612,-0.0470055,0,0,0
50000,4613,-0.0470055,0,0,0
50000,4614,-0.0470055,0,0,0
50000,4615,-0.0470055,0,0,0
50000,4616,-0.0470055,0,0,0
50000,4617,-0.0470055,0,0,0
50000,4618,-0.0470055,0,0,0
50000,4619,-0.0470055,0,0,0
50000,4620,-0.0470055,0,0,0
50000,4621,-0.0470055,0,0,0
50000,4622,-0.0470055,0,0,0
50000,4623,-0.0470055,0,0,0
50000,4624,-0.0470055,0,0,0
50000,4625,-0.0470055,0,0,0
50000,4626,-0.0470055,0,0,0
50000,4627,-0.0470055,0,0,0
50000,4628,-0.0470055,0,0,0
50000,4629,-0.0470055,0,0,0
50000,4630,-0.0470055,0,0,0
50000,4631,-0.0470055,0,0,0
50000,4632,-0.0470055,0,0,0
50000,4633,-0.0470055,0,0,0
50000,4634,-0.0470055,0,0,0
50000,4635,-0.0470055,0,0,0
50000,4636,-0.0470055,0,0,0
50000,4637,-0.0470055,0,0,0
50000,4638,-0.0470055,0,0,0
50000,4639,-0.0470055,0,0,0
50000,4640,-0.0470055,0,0,0
50000,4641,-0.0470055,0,0,0
50000,4642,-0.0470055,0,0,0
50000,4643,-0.0470055,0,0,0
50000,4644,-0.0470055,0,0,0
50000,4645,-0.0470055,0,0,0
50000,4646,-0.0470055,0,0,0
50000,4647,-0.0470055,0,0,0
50000,4648,-0.0470055,0,0,0
50000,4649,-0.0470055,0,0,0
50000,4650,-0.0470055,0,0,0
50000,4651,-0.0470055,0,0,0
50000,4652,-0.0470055,0,0,0
50000,4653,-0.0470055,0,0,0
50000,4654,-0.0470055,0,0,0
50000,4655,-0.0470055,0,0,0
50000,4656,-0.0470055,0,0,0
50000,4657,-0.0470055,0,0,0
50000,4658,-0.0470055,0,0,0
50000,4659,-0.0470055,0,0,0
50000,4660,-0.0470055,0,0,0
50000,4661,-0.0470055,0,0,0
50000,4662,-0.0470055,0,0,0
50000,4663,-0.0470055,0,0,0
50000,4664,-0.0470055,0,0,0
50000,4665,-0.0470055,0,0,0
50000,4666,-0.0470055,0,0,0
50000,4667,-0.0470055,0,0,0
50000,4668,-0.0470055,0,0,0
50000,4669,-0.0470055,0,0,0
50000,4670,-0.0470055,0,0,0
50000,4671,-0.0470055,0,0,0
50000,4672,-0.0470055,0,0,0
50000,4673,-0.0470055,0,0,0
50000,4674,-0.0470055,0,0,0
50000,4675,-0.0470055,0,0,0
50000,4676,-0.0470055,0,0,0
50000,4677,-0.0470055,0,0,0
50000,4678,-0.0470055,0,0,0
50000,4679,-0.0470055,0,0,0
50000,4680,-0.0470055,0,0,0
50000,4681,-0.0470055,0,0,0
50000,4682,-0.0470055,0,0,0
50000,4683,-0.0470055,0,0,0
50000,4684,-0.0470055,0,0,0
50000,4685,-0.0470055,0,0,0
50000,4686,-0.0470055,0,0,0
50000,4687,-0.0470055,0,0,0
50000,4688,-0.0470055,0,0,0
50000,4689,-0.0470055,0,0,0
50000,4690,-0.0470055,0,0,0
50000,4691,-0.0470055,0,0,0
50000,4692,-0.0470055,0,0,0
50000,4693,-0.0470055,0,0,0
50000,4694,-0.0470055,0,0,0
50000,4695,-0.0470055,0,0,0
50000,4696,-0.0470055,0,0,0
50000,4697,-0.0470055,0,0,0
50000,4698,-0.0470055,0,0,0
50000,4699,-0.0470055,0,0,0
50000,4700,-0.0480037,0,0,0
50000,4701,-0.0480037,0,0,0
50000,4702,-0.0480037,0,0,0
50000,4703,-0.0480037,0,0,0
50000,4704,-0.0480037,0,0,0
50000,4705,-0.0480037,0,0,0
50000,4706,-0.0480037,0,0,0
50000,4707,-0.0480037,0,0,0
50000,4708,-0.0480037,0,0,0
50000,4709,-0.0480037,0,0,0
50000,4710,-0.0480037,0,0,0
50000,4711,-0.0480037,0,0,0
50000,4712,-0.0480037,0,0,0
50000,4713,-0.0480037,0,0,0
50000,4714,-0.0480037,0,0,0
50000,4715,-0.0480037,0,0,0
50000,4716,-0.0480037,0,0,0
50000,4717,-0.0480037,0,0,0
50000,4718,-0.0480037,0,0,0
50000,4719,-0.0480037,0,0,0
50000,4720,-0.0480037,0,0,0
50000,4721,-0.0480037,0,0,0
50000,4722,-0.0480037,0,0,0
50000,4723,-0.0480037,0,0,0
50000,4724,-0.0480037,0,0,0
50000,4725,-0.0480037,0,0,0
50000,4726,-0.0480037,0,0,0
50000,4727,-0.0480037,0,0,0
50000,4728,-0.0480037,0,0,0
50000,4729,-0.0480037,0,0,0
50000,4730,-0.0480037,0,0,0
50000,4731,-0.0480037,0,0,0
50000,4732,-0.0480037,0,0,0
50000,4733,-0.0480037,0,0,0
50000,4734,-0.0480037,0,0,0
50000,4735,-0.0480037,0,0,0
50000,4736,-0.0480037,0,0,0
50000,4737,-0.0480037,0,0,0
50000,4738,-0.0480037,0,0,0
50000,4739,-0.0480037,0,0,0
50000,4740,-0.0480037,0,0,0
50000,4741,-0.0480037,0,0,0
50000,4742,-0.0480037,0,0,0
50000,4743,-0.0480037,0,0,0
50000,4744,-0.0480037,0,0,0
50000,4745,-0.0480037,0,0,0
50000,4746,-0.0480037,0,0,0
50000,4747,-0.0480037,0,0,0
50000,4748,-0.0480037,0,0,0
50000,4749,-0.0480037,0,0,0
50000,4750,-0.0480037,0,0,0
50000,4751,-0.0480037,0,0,0
50000,4752,-0.0480037,0,0,0
50000,4753,-0.0480037,0,0,0
50000,4754,-0.0480037,0,0,0
50000,4755,-0.0480037,0,0,0
50000,4756,-0.0480037,0,0,0
50000,4757,-0.0480037,0,0,0
50000,4758,-0.0480037,0,0,0
50000,4759,-0.0480037,0,0,0
50000,4760,-0.0480037,0,0,0
50000,4761,-0.0480037,0,0,0
50000,4762,-0.0480037,0,0,0
50000,4763,-0.0480037,0,0,0
50000,4764,-0.0480037,0,0,0
50000,4765,-0.0480037,0,0,0
50000,4766,-0.0480037,0,0,0
50000,4767,-0.0480037,0,0,0
50000,4768,-0.0480037,0,0,0
50000,4769,-0.0480037,0,0,0
50000,4770,-0.0480037,0,0,0
50000,4771,-0.0480037,0,0,0
50000,4772,-0.0480037,0,0,0
50000,4773,-0.0480037,0,0,0
50000,4774,-0.0480037,0,0,0
50000,4775,-0.0480037,0,0,0
50000,4776,-0.0480037,0,0,0
50000,4777,-0.0480037,0,0,0
50000,4778,-0.0480037,0,0,0
50000,4779,-0.0480037,0,0,0
50000,4780,-0.0480037,0,0,0
50000,4781,-0.0480037,0,0,0
50000,4782,-0.0480037,0,0,0
50000,4783,-0.0480037,0,0,0
50000,4784,-0.0480037,0,0,0
50000,4785,-0.0480037,0,0,0
50000,4786,-0.0480037,0,0,0
50000,4787,-0.0480037,0,0,0
50000,4788,-0.0480037,0,0,0
50000,4789,-0.0480037,0,0,0
50000,4790,-0.0480037,0,0,0
50000,4791,-0.0480037,0,0,0
50000,4792,-0.0480037,0,0,0
50000,4793,-0.0480037,0,0,0
50000,4794,-0.0480037,0,0,0
50000,4795,-0.0480037,0,0,0
50000,4796,-0.0480037,0,0,0
50000,4797,-0.0480037,0,0,0
50000,4798,-0.0480037,0,0,0
50000,4799,-0.0480037,0,0,0
50000,4800,-0.0490019,0,0,0
50000,4801,-0.0490019,0,0,0
50000,4802,-0.0490019,0,0,0
50000,4803,-0.0490019,0,0,0
50000,4804,-0.0490019,0,0,0
50000,4805,-0.0490019,0,0,0
50000,4806,-0.0490019,0,0,0
50000,4807,-0.0490019,0,0,0
50000,4808,-0.0490019,0,0,0
50000,4809,-0.0490019,0,0,0
50000,4810,-0.0490019,0,0,0
50000,4811,-0.0490019,0,0,0
50000,4812,-0.0490019,0,0,0
50000,4813,-0.0490019,0,0,0
50000,4814,-0.0490019,0,0,0
50000,4815,-0.0490019,0,0,0
50000,4816,-0.0490019,0,0,0
50000,4817,-0.0490019,0,0,0
50000,4818,-0.0490019,0,0,0
50000,4819,-0.0490019,0,0,0
50000,4820,-0.0490019,0,0,0
50000,4821,-0.0490019,0,0,0
50000,4822,-0.0490019,0,0,0
50000,4823,-0.0490019,0,0,0
50000,4824,-0.0490019,0,0,0
50000,4825,-0.0490019,0,0,0
50000,4826,-0.0490019,0,0,0
50000,4827,-0.0490019,0,0,0
50000,4828,-0.0490019,0,0,0
50000,4829,-0.0490019,0,0,0
50000,4830,-0.0490019,0,0,0
50000,4831,-0.0490019,0,0,0
50000,4832,-0.0490019,0,0,0
50000,4833,-0.0490019,0,0,0
50000,4834,-0.0490019,0,0,0
50000,4835,-0.0490019,0,0,0
50000,4836,-0.0490019,0,0,0
50000,4837,-0.0490019,0,0,0
50000,4838,-0.0490019,0,0,0
50000,4839,-0.0490019,0,0,0
50000,4840,-0.0490019,0,0,0
50000,4841,-0.0490019,0,0,0
50000,4842,-0.0490019,0,0,0
50000,4843,-0.0490019,0,0,0
50000,4844,-0.0490019,0,0,0
50000,4845,-0.0490019,0,0,0
50000,4846,-0.0490019,0,0,0
50000,4847,-0.0490019,0,0,0
50000,4848,-0.0490019,0,0,0
50000,4849,-0.0490019,0,0,0
50000,4850,-0.0490019,0,0,0
50000,4851,-0.0490019,0,0,0
50000,4852,-0.0490019,0,0,0
50000,4853,-0.0490019,0,0,0
50000,4854,-0.0490019,0,0,0
50000,4855,-0.0490019,0,0,0
50000,4856,-0.0490019,0,0,0
50000,4857,-0.0490019,0,0,0
50000,4858,-0.0490019,0,0,0
50000,4859,-0.0490019,0,0,0
50000,4860,-0.0490019,0,0,0
50000,4861,-0.0490019,0,0,0
50000,4862,-0.0490019,0,0,0
50000,4863,-0.0490019,0,0,0
50000,4864,-0.0490019,0,0,0
50000,4865,-0.0490019,0,0,0
50000,4866,-0.0490019,0,0,0
50000,4867,-0.0490019,0,0,0
50000,4868,-0.0490019,0,0,0
50000,4869,-0.0490019,0,0,0
50000,4870,-0.0490019,0,0,0
50000,4871,-0.0490019,0,0,0
50000,4872,-0.0490019,0,0,0
50000,4873,-0.0490019,0,0,0
50000,4874,-0.0490019,0,0,0
50000,4875,-0.0490019,0,0,0
50000,4876,-0.0490019,0,0,0
50000,4877,-0.0490019,0,0,0
50000,4878,-0.0490019,0,0,0
50000,4879,-0.0490019,0,0,0
50000,4880,-0.0490019,0,0,0
50000,4881,-0.0490019,0,0,0
50000,4882,-0.0490019,0,0,0
50000,4883,-0.0490019,0,0,0
50000,4884,-0.0490019,0,0,0
50000,4885,-0.0490019,0,0,0
50000,4886,-0.0490019,0,0,0
50000,4887,-0.0490019,0,0,0
50000,4888,-0.0490019,0,0,0
50000,4889,-0.0490019,0,0,0
50000,4890,-0.0490019,0,0,0
50000,4891,-0.0490019,0,0,0
50000,4892,-0.0490019,0,0,0
50000,4893,-0.0490019,0,0,0
50000,4894,-0.0490019,0,0,0
50000,4895,-0.0490019,0,0,0
50000,4896,-0.0490019,0,0,0
50000,4897,-0.0490019,0,0,0
50000,4898,-0.0490019,0,0,0
50000,4899,-0.0490019,0,0,0
