Initial file: DFN_init.txt
Updated file: DFN_aperture_delta_corrected.txt

Initial velocity:
  count = 4470
  min = -0.000451216
  max = 0.000757995
  mean = 5.98150434474e-06
  median = 4.14203e-07
  std = 6.5761996867e-05

Updated velocity:
  count = 4445
  min = 2.13881e-10
  max = 0.000886118
  mean = 6.6186008464e-05
  median = 4.47143e-05
  std = 8.09272817294e-05
