time,particle_id,x,y,mesh_index,mesh_index_original
55000,4500,0.0493389,0,0,0
55000,4501,0.0493389,0,0,0
55000,4502,0.0493389,0,0,0
55000,4503,0.0493389,0,0,0
55000,4504,0.0493389,0,0,0
55000,4505,0.0493389,0,0,0
55000,4506,0.0493389,0,0,0
55000,4507,0.0493389,0,0,0
55000,4508,0.0493389,0,0,0
55000,4509,0.0493389,0,0,0
55000,4510,0.0483358,0,0,0
55000,4511,0.0483358,0,0,0
55000,4512,0.0483358,0,0,0
55000,4513,0.0483358,0,0,0
55000,4514,0.0483358,0,0,0
55000,4515,0.0483358,0,0,0
55000,4516,0.0483358,0,0,0
55000,4517,0.0483358,0,0,0
55000,4518,0.0483358,0,0,0
55000,4519,0.0483358,0,0,0
55000,4520,0.0473328,0,0,0
55000,4521,0.0473328,0,0,0
55000,4522,0.0473328,0,0,0
55000,4523,0.0473328,0,0,0
55000,4524,0.0473328,0,0,0
55000,4525,0.0473328,0,0,0
55000,4526,0.0473328,0,0,0
55000,4527,0.0473328,0,0,0
55000,4528,0.0473328,0,0,0
55000,4529,0.0473328,0,0,0
55000,4530,0.0463297,0,0,0
55000,4531,0.0463297,0,0,0
55000,4532,0.0463297,0,0,0
55000,4533,0.0463297,0,0,0
55000,4534,0.0463297,0,0,0
55000,4535,0.0463297,0,0,0
55000,4536,0.0463297,0,0,0
55000,4537,0.0463297,0,0,0
55000,4538,0.0463297,0,0,0
55000,4539,0.0463297,0,0,0
55000,4540,0.0453266,0,0,0
55000,4541,0.0453266,0,0,0
55000,4542,0.0453266,0,0,0
55000,4543,0.0453266,0,0,0
55000,4544,0.0453266,0,0,0
55000,4545,0.0453266,0,0,0
55000,4546,0.0453266,0,0,0
55000,4547,0.0453266,0,0,0
55000,4548,0.0453266,0,0,0
55000,4549,0.0453266,0,0,0
55000,4550,0.0443235,0,0,0
55000,4551,0.0443235,0,0,0
55000,4552,0.0443235,0,0,0
55000,4553,0.0443235,0,0,0
55000,4554,0.0443235,0,0,0
55000,4555,0.0443235,0,0,0
55000,4556,0.0443235,0,0,0
55000,4557,0.0443235,0,0,0
55000,4558,0.0443235,0,0,0
55000,4559,0.0443235,0,0,0
55000,4560,0.0433204,0,0,0
55000,4561,0.0433204,0,0,0
55000,4562,0.0433204,0,0,0
55000,4563,0.0433204,0,0,0
55000,4564,0.0433204,0,0,0
55000,4565,0.0433204,0,0,0
55000,4566,0.0433204,0,0,0
55000,4567,0.0433204,0,0,0
55000,4568,0.0433204,0,0,0
55000,4569,0.0433204,0,0,0
55000,4570,0.0423173,0,0,0
55000,4571,0.0423173,0,0,0
55000,4572,0.0423173,0,0,0
55000,4573,0.0423173,0,0,0
55000,4574,0.0423173,0,0,0
55000,4575,0.0423173,0,0,0
55000,4576,0.0423173,0,0,0
55000,4577,0.0423173,0,0,0
55000,4578,0.0423173,0,0,0
55000,4579,0.0423173,0,0,0
55000,4580,0.0413142,0,0,0
55000,4581,0.0413142,0,0,0
55000,4582,0.0413142,0,0,0
55000,4583,0.0413142,0,0,0
55000,4584,0.0413142,0,0,0
55000,4585,0.0413142,0,0,0
55000,4586,0.0413142,0,0,0
55000,4587,0.0413142,0,0,0
55000,4588,0.0413142,0,0,0
55000,4589,0.0413142,0,0,0
55000,4590,0.0403111,0,0,0
55000,4591,0.0403111,0,0,0
55000,4592,0.0403111,0,0,0
55000,4593,0.0403111,0,0,0
55000,4594,0.0403111,0,0,0
55000,4595,0.0403111,0,0,0
55000,4596,0.0403111,0,0,0
55000,4597,0.0403111,0,0,0
55000,4598,0.0403111,0,0,0
55000,4599,0.0403111,0,0,0
55000,4600,0.039308,0,0,0
55000,4601,0.039308,0,0,0
55000,4602,0.039308,0,0,0
55000,4603,0.039308,0,0,0
55000,4604,0.039308,0,0,0
55000,4605,0.039308,0,0,0
55000,4606,0.039308,0,0,0
55000,4607,0.039308,0,0,0
55000,4608,0.039308,0,0,0
55000,4609,0.039308,0,0,0
55000,4610,0.0383048,0,0,0
55000,4611,0.0383048,0,0,0
55000,4612,0.0383048,0,0,0
55000,4613,0.0383048,0,0,0
55000,4614,0.0383048,0,0,0
55000,4615,0.0383048,0,0,0
55000,4616,0.0383048,0,0,0
55000,4617,0.0383048,0,0,0
55000,4618,0.0383048,0,0,0
55000,4619,0.0383048,0,0,0
55000,4620,0.0373017,0,0,0
55000,4621,0.0373017,0,0,0
55000,4622,0.0373017,0,0,0
55000,4623,0.0373017,0,0,0
55000,4624,0.0373017,0,0,0
55000,4625,0.0373017,0,0,0
55000,4626,0.0373017,0,0,0
55000,4627,0.0373017,0,0,0
55000,4628,0.0373017,0,0,0
55000,4629,0.0373017,0,0,0
55000,4630,0.0362986,0,0,0
55000,4631,0.0362986,0,0,0
55000,4632,0.0362986,0,0,0
55000,4633,0.0362986,0,0,0
55000,4634,0.0362986,0,0,0
55000,4635,0.0362986,0,0,0
55000,4636,0.0362986,0,0,0
55000,4637,0.0362986,0,0,0
55000,4638,0.0362986,0,0,0
55000,4639,0.0362986,0,0,0
55000,4640,0.0352954,0,0,0
55000,4641,0.0352954,0,0,0
55000,4642,0.0352954,0,0,0
55000,4643,0.0352954,0,0,0
55000,4644,0.0352954,0,0,0
55000,4645,0.0352954,0,0,0
55000,4646,0.0352954,0,0,0
55000,4647,0.0352954,0,0,0
55000,4648,0.0352954,0,0,0
55000,4649,0.0352954,0,0,0
55000,4650,0.0342922,0,0,0
55000,4651,0.0342922,0,0,0
55000,4652,0.0342922,0,0,0
55000,4653,0.0342922,0,0,0
55000,4654,0.0342922,0,0,0
55000,4655,0.0342922,0,0,0
55000,4656,0.0342922,0,0,0
55000,4657,0.0342922,0,0,0
55000,4658,0.0342922,0,0,0
55000,4659,0.0342922,0,0,0
55000,4660,0.0332891,0,0,0
55000,4661,0.0332891,0,0,0
55000,4662,0.0332891,0,0,0
55000,4663,0.0332891,0,0,0
55000,4664,0.0332891,0,0,0
55000,4665,0.0332891,0,0,0
55000,4666,0.0332891,0,0,0
55000,4667,0.0332891,0,0,0
55000,4668,0.0332891,0,0,0
55000,4669,0.0332891,0,0,0
55000,4670,0.0322859,0,0,0
55000,4671,0.0322859,0,0,0
55000,4672,0.0322859,0,0,0
55000,4673,0.0322859,0,0,0
55000,4674,0.0322859,0,0,0
55000,4675,0.0322859,0,0,0
55000,4676,0.0322859,0,0,0
55000,4677,0.0322859,0,0,0
55000,4678,0.0322859,0,0,0
55000,4679,0.0322859,0,0,0
55000,4680,0.0312827,0,0,0
55000,4681,0.0312827,0,0,0
55000,4682,0.0312827,0,0,0
55000,4683,0.0312827,0,0,0
55000,4684,0.0312827,0,0,0
55000,4685,0.0312827,0,0,0
55000,4686,0.0312827,0,0,0
55000,4687,0.0312827,0,0,0
55000,4688,0.0312827,0,0,0
55000,4689,0.0312827,0,0,0
55000,4690,0.0302795,0,0,0
55000,4691,0.0302795,0,0,0
55000,4692,0.0302795,0,0,0
55000,4693,0.0302795,0,0,0
55000,4694,0.0302795,0,0,0
55000,4695,0.0302795,0,0,0
55000,4696,0.0302795,0,0,0
55000,4697,0.0302795,0,0,0
55000,4698,0.0302795,0,0,0
55000,4699,0.0302795,0,0,0
55000,4700,0.0292763,0,0,0
55000,4701,0.0292763,0,0,0
55000,4702,0.0292763,0,0,0
55000,4703,0.0292763,0,0,0
55000,4704,0.0292763,0,0,0
55000,4705,0.0292763,0,0,0
55000,4706,0.0292763,0,0,0
55000,4707,0.0292763,0,0,0
55000,4708,0.0292763,0,0,0
55000,4709,0.0292763,0,0,0
55000,4710,0.0282731,0,0,0
55000,4711,0.0282731,0,0,0
55000,4712,0.0282731,0,0,0
55000,4713,0.0282731,0,0,0
55000,4714,0.0282731,0,0,0
55000,4715,0.0282731,0,0,0
55000,4716,0.0282731,0,0,0
55000,4717,0.0282731,0,0,0
55000,4718,0.0282731,0,0,0
55000,4719,0.0282731,0,0,0
55000,4720,0.0272699,0,0,0
55000,4721,0.0272699,0,0,0
55000,4722,0.0272699,0,0,0
55000,4723,0.0272699,0,0,0
55000,4724,0.0272699,0,0,0
55000,4725,0.0272699,0,0,0
55000,4726,0.0272699,0,0,0
55000,4727,0.0272699,0,0,0
55000,4728,0.0272699,0,0,0
55000,4729,0.0272699,0,0,0
55000,4730,0.0262667,0,0,0
55000,4731,0.0262667,0,0,0
55000,4732,0.0262667,0,0,0
55000,4733,0.0262667,0,0,0
55000,4734,0.0262667,0,0,0
55000,4735,0.0262667,0,0,0
55000,4736,0.0262667,0,0,0
55000,4737,0.0262667,0,0,0
55000,4738,0.0262667,0,0,0
55000,4739,0.0262667,0,0,0
55000,4740,0.0252635,0,0,0
55000,4741,0.0252635,0,0,0
55000,4742,0.0252635,0,0,0
55000,4743,0.0252635,0,0,0
55000,4744,0.0252635,0,0,0
55000,4745,0.0252635,0,0,0
55000,4746,0.0252635,0,0,0
55000,4747,0.0252635,0,0,0
55000,4748,0.0252635,0,0,0
55000,4749,0.0252635,0,0,0
55000,4750,0.0242602,0,0,0
55000,4751,0.0242602,0,0,0
55000,4752,0.0242602,0,0,0
55000,4753,0.0242602,0,0,0
55000,4754,0.0242602,0,0,0
55000,4755,0.0242602,0,0,0
55000,4756,0.0242602,0,0,0
55000,4757,0.0242602,0,0,0
55000,4758,0.0242602,0,0,0
55000,4759,0.0242602,0,0,0
55000,4760,0.023257,0,0,0
55000,4761,0.023257,0,0,0
55000,4762,0.023257,0,0,0
55000,4763,0.023257,0,0,0
55000,4764,0.023257,0,0,0
55000,4765,0.023257,0,0,0
55000,4766,0.023257,0,0,0
55000,4767,0.023257,0,0,0
55000,4768,0.023257,0,0,0
55000,4769,0.023257,0,0,0
55000,4770,0.0222537,0,0,0
55000,4771,0.0222537,0,0,0
55000,4772,0.0222537,0,0,0
55000,4773,0.0222537,0,0,0
55000,4774,0.0222537,0,0,0
55000,4775,0.0222537,0,0,0
55000,4776,0.0222537,0,0,0
55000,4777,0.0222537,0,0,0
55000,4778,0.0222537,0,0,0
55000,4779,0.0222537,0,0,0
55000,4780,0.0212505,0,0,0
55000,4781,0.0212505,0,0,0
55000,4782,0.0212505,0,0,0
55000,4783,0.0212505,0,0,0
55000,4784,0.0212505,0,0,0
55000,4785,0.0212505,0,0,0
55000,4786,0.0212505,0,0,0
55000,4787,0.0212505,0,0,0
55000,4788,0.0212505,0,0,0
55000,4789,0.0212505,0,0,0
55000,4790,0.0202472,0,0,0
55000,4791,0.0202472,0,0,0
55000,4792,0.0202472,0,0,0
55000,4793,0.0202472,0,0,0
55000,4794,0.0202472,0,0,0
55000,4795,0.0202472,0,0,0
55000,4796,0.0202472,0,0,0
55000,4797,0.0202472,0,0,0
55000,4798,0.0202472,0,0,0
55000,4799,0.0202472,0,0,0
55000,4800,0.0192439,0,0,0
55000,4801,0.0192439,0,0,0
55000,4802,0.0192439,0,0,0
55000,4803,0.0192439,0,0,0
55000,4804,0.0192439,0,0,0
55000,4805,0.0192439,0,0,0
55000,4806,0.0192439,0,0,0
55000,4807,0.0192439,0,0,0
55000,4808,0.0192439,0,0,0
55000,4809,0.0192439,0,0,0
55000,4810,0.0182407,0,0,0
55000,4811,0.0182407,0,0,0
55000,4812,0.0182407,0,0,0
55000,4813,0.0182407,0,0,0
55000,4814,0.0182407,0,0,0
55000,4815,0.0182407,0,0,0
55000,4816,0.0182407,0,0,0
55000,4817,0.0182407,0,0,0
55000,4818,0.0182407,0,0,0
55000,4819,0.0182407,0,0,0
55000,4820,0.0172374,0,0,0
55000,4821,0.0172374,0,0,0
55000,4822,0.0172374,0,0,0
55000,4823,0.0172374,0,0,0
55000,4824,0.0172374,0,0,0
55000,4825,0.0172374,0,0,0
55000,4826,0.0172374,0,0,0
55000,4827,0.0172374,0,0,0
55000,4828,0.0172374,0,0,0
55000,4829,0.0172374,0,0,0
55000,4830,0.0162341,0,0,0
55000,4831,0.0162341,0,0,0
55000,4832,0.0162341,0,0,0
55000,4833,0.0162341,0,0,0
55000,4834,0.0162341,0,0,0
55000,4835,0.0162341,0,0,0
55000,4836,0.0162341,0,0,0
55000,4837,0.0162341,0,0,0
55000,4838,0.0162341,0,0,0
55000,4839,0.0162341,0,0,0
55000,4840,0.0152308,0,0,0
55000,4841,0.0152308,0,0,0
55000,4842,0.0152308,0,0,0
55000,4843,0.0152308,0,0,0
55000,4844,0.0152308,0,0,0
55000,4845,0.0152308,0,0,0
55000,4846,0.0152308,0,0,0
55000,4847,0.0152308,0,0,0
55000,4848,0.0152308,0,0,0
55000,4849,0.0152308,0,0,0
55000,4850,0.0142275,0,0,0
55000,4851,0.0142275,0,0,0
55000,4852,0.0142275,0,0,0
55000,4853,0.0142275,0,0,0
55000,4854,0.0142275,0,0,0
55000,4855,0.0142275,0,0,0
55000,4856,0.0142275,0,0,0
55000,4857,0.0142275,0,0,0
55000,4858,0.0142275,0,0,0
55000,4859,0.0142275,0,0,0
55000,4860,0.0132241,0,0,0
55000,4861,0.0132241,0,0,0
55000,4862,0.0132241,0,0,0
55000,4863,0.0132241,0,0,0
55000,4864,0.0132241,0,0,0
55000,4865,0.0132241,0,0,0
55000,4866,0.0132241,0,0,0
55000,4867,0.0132241,0,0,0
55000,4868,0.0132241,0,0,0
55000,4869,0.0132241,0,0,0
55000,4870,0.0122208,0,0,0
55000,4871,0.0122208,0,0,0
55000,4872,0.0122208,0,0,0
55000,4873,0.0122208,0,0,0
55000,4874,0.0122208,0,0,0
55000,4875,0.0122208,0,0,0
55000,4876,0.0122208,0,0,0
55000,4877,0.0122208,0,0,0
55000,4878,0.0122208,0,0,0
55000,4879,0.0122208,0,0,0
55000,4880,0.0112175,0,0,0
55000,4881,0.0112175,0,0,0
55000,4882,0.0112175,0,0,0
55000,4883,0.0112175,0,0,0
55000,4884,0.0112175,0,0,0
55000,4885,0.0112175,0,0,0
55000,4886,0.0112175,0,0,0
55000,4887,0.0112175,0,0,0
55000,4888,0.0112175,0,0,0
55000,4889,0.0112175,0,0,0
55000,4890,0.0102141,0,0,0
55000,4891,0.0102141,0,0,0
55000,4892,0.0102141,0,0,0
55000,4893,0.0102141,0,0,0
55000,4894,0.0102141,0,0,0
55000,4895,0.0102141,0,0,0
55000,4896,0.0102141,0,0,0
55000,4897,0.0102141,0,0,0
55000,4898,0.0102141,0,0,0
55000,4899,0.0102141,0,0,0
55000,4900,0.00921079,0,0,0
55000,4901,0.00921079,0,0,0
55000,4902,0.00921079,0,0,0
55000,4903,0.00921079,0,0,0
55000,4904,0.00921079,0,0,0
55000,4905,0.00921079,0,0,0
55000,4906,0.00921079,0,0,0
55000,4907,0.00921079,0,0,0
55000,4908,0.00921079,0,0,0
55000,4909,0.00921079,0,0,0
55000,4910,0.00820744,0,0,0
55000,4911,0.00820744,0,0,0
55000,4912,0.00820744,0,0,0
55000,4913,0.00820744,0,0,0
55000,4914,0.00820744,0,0,0
55000,4915,0.00820744,0,0,0
55000,4916,0.00820744,0,0,0
55000,4917,0.00820744,0,0,0
55000,4918,0.00820744,0,0,0
55000,4919,0.00820744,0,0,0
55000,4920,0.00720407,0,0,0
55000,4921,0.00720407,0,0,0
55000,4922,0.00720407,0,0,0
55000,4923,0.00720407,0,0,0
55000,4924,0.00720407,0,0,0
55000,4925,0.00720407,0,0,0
55000,4926,0.00720407,0,0,0
55000,4927,0.00720407,0,0,0
55000,4928,0.00720407,0,0,0
55000,4929,0.00720407,0,0,0
55000,4930,0.0062007,0,0,0
55000,4931,0.0062007,0,0,0
55000,4932,0.0062007,0,0,0
55000,4933,0.0062007,0,0,0
55000,4934,0.0062007,0,0,0
55000,4935,0.0062007,0,0,0
55000,4936,0.0062007,0,0,0
55000,4937,0.0062007,0,0,0
55000,4938,0.0062007,0,0,0
55000,4939,0.0062007,0,0,0
55000,4940,0.00519732,0,0,0
55000,4941,0.00519732,0,0,0
55000,4942,0.00519732,0,0,0
55000,4943,0.00519732,0,0,0
55000,4944,0.00519732,0,0,0
55000,4945,0.00519732,0,0,0
55000,4946,0.00519732,0,0,0
55000,4947,0.00519732,0,0,0
55000,4948,0.00519732,0,0,0
55000,4949,0.00519732,0,0,0
55000,4950,0.00419394,0,0,0
55000,4951,0.00419394,0,0,0
55000,4952,0.00419394,0,0,0
55000,4953,0.00419394,0,0,0
55000,4954,0.00419394,0,0,0
55000,4955,0.00419394,0,0,0
55000,4956,0.00419394,0,0,0
55000,4957,0.00419394,0,0,0
55000,4958,0.00419394,0,0,0
55000,4959,0.00419394,0,0,0
55000,4960,0.00319055,0,0,0
55000,4961,0.00319055,0,0,0
55000,4962,0.00319055,0,0,0
55000,4963,0.00319055,0,0,0
55000,4964,0.00319055,0,0,0
55000,4965,0.00319055,0,0,0
55000,4966,0.00319055,0,0,0
55000,4967,0.00319055,0,0,0
55000,4968,0.00319055,0,0,0
55000,4969,0.00319055,0,0,0
55000,4970,0.00218715,0,0,0
55000,4971,0.00218715,0,0,0
55000,4972,0.00218715,0,0,0
55000,4973,0.00218715,0,0,0
55000,4974,0.00218715,0,0,0
55000,4975,0.00218715,0,0,0
55000,4976,0.00218715,0,0,0
55000,4977,0.00218715,0,0,0
55000,4978,0.00218715,0,0,0
55000,4979,0.00218715,0,0,0
55000,4980,0.00118374,0,0,0
55000,4981,0.00118374,0,0,0
55000,4982,0.00118374,0,0,0
55000,4983,0.00118374,0,0,0
55000,4984,0.00118374,0,0,0
55000,4985,0.00118374,0,0,0
55000,4986,0.00118374,0,0,0
55000,4987,0.00118374,0,0,0
55000,4988,0.00118374,0,0,0
55000,4989,0.00118374,0,0,0
55000,4990,0.000180322,0,0,0
55000,4991,0.000180322,0,0,0
55000,4992,0.000180322,0,0,0
55000,4993,0.000180322,0,0,0
55000,4994,0.000180322,0,0,0
55000,4995,0.000180322,0,0,0
55000,4996,0.000180322,0,0,0
55000,4997,0.000180322,0,0,0
55000,4998,0.000180322,0,0,0
55000,4999,0.000180322,0,0,0
55000,5000,-0.000823101,0,0,0
55000,5001,-0.000823101,0,0,0
55000,5002,-0.000823101,0,0,0
55000,5003,-0.000823101,0,0,0
55000,5004,-0.000823101,0,0,0
55000,5005,-0.000823101,0,0,0
55000,5006,-0.000823101,0,0,0
55000,5007,-0.000823101,0,0,0
55000,5008,-0.000823101,0,0,0
55000,5009,-0.000823101,0,0,0
55000,5010,-0.00182653,0,0,0
55000,5011,-0.00182653,0,0,0
55000,5012,-0.00182653,0,0,0
55000,5013,-0.00182653,0,0,0
55000,5014,-0.00182653,0,0,0
55000,5015,-0.00182653,0,0,0
55000,5016,-0.00182653,0,0,0
55000,5017,-0.00182653,0,0,0
55000,5018,-0.00182653,0,0,0
55000,5019,-0.00182653,0,0,0
55000,5020,-0.00282997,0,0,0
55000,5021,-0.00282997,0,0,0
55000,5022,-0.00282997,0,0,0
55000,5023,-0.00282997,0,0,0
55000,5024,-0.00282997,0,0,0
55000,5025,-0.00282997,0,0,0
55000,5026,-0.00282997,0,0,0
55000,5027,-0.00282997,0,0,0
55000,5028,-0.00282997,0,0,0
55000,5029,-0.00282997,0,0,0
55000,5030,-0.00383341,0,0,0
55000,5031,-0.00383341,0,0,0
55000,5032,-0.00383341,0,0,0
55000,5033,-0.00383341,0,0,0
55000,5034,-0.00383341,0,0,0
55000,5035,-0.00383341,0,0,0
55000,5036,-0.00383341,0,0,0
55000,5037,-0.00383341,0,0,0
55000,5038,-0.00383341,0,0,0
55000,5039,-0.00383341,0,0,0
55000,5040,-0.00483687,0,0,0
55000,5041,-0.00483687,0,0,0
55000,5042,-0.00483687,0,0,0
55000,5043,-0.00483687,0,0,0
55000,5044,-0.00483687,0,0,0
55000,5045,-0.00483687,0,0,0
55000,5046,-0.00483687,0,0,0
55000,5047,-0.00483687,0,0,0
55000,5048,-0.00483687,0,0,0
55000,5049,-0.00483687,0,0,0
55000,5050,-0.00584033,0,0,0
55000,5051,-0.00584033,0,0,0
55000,5052,-0.00584033,0,0,0
55000,5053,-0.00584033,0,0,0
55000,5054,-0.00584033,0,0,0
55000,5055,-0.00584033,0,0,0
55000,5056,-0.00584033,0,0,0
55000,5057,-0.00584033,0,0,0
55000,5058,-0.00584033,0,0,0
55000,5059,-0.00584033,0,0,0
55000,5060,-0.0068438,0,0,0
55000,5061,-0.0068438,0,0,0
55000,5062,-0.0068438,0,0,0
55000,5063,-0.0068438,0,0,0
55000,5064,-0.0068438,0,0,0
55000,5065,-0.0068438,0,0,0
55000,5066,-0.0068438,0,0,0
55000,5067,-0.0068438,0,0,0
55000,5068,-0.0068438,0,0,0
55000,5069,-0.0068438,0,0,0
55000,5070,-0.00784727,0,0,0
55000,5071,-0.00784727,0,0,0
55000,5072,-0.00784727,0,0,0
55000,5073,-0.00784727,0,0,0
55000,5074,-0.00784727,0,0,0
55000,5075,-0.00784727,0,0,0
55000,5076,-0.00784727,0,0,0
55000,5077,-0.00784727,0,0,0
55000,5078,-0.00784727,0,0,0
55000,5079,-0.00784727,0,0,0
55000,5080,-0.00885075,0,0,0
55000,5081,-0.00885075,0,0,0
55000,5082,-0.00885075,0,0,0
55000,5083,-0.00885075,0,0,0
55000,5084,-0.00885075,0,0,0
55000,5085,-0.00885075,0,0,0
55000,5086,-0.00885075,0,0,0
55000,5087,-0.00885075,0,0,0
55000,5088,-0.00885075,0,0,0
55000,5089,-0.00885075,0,0,0
55000,5090,-0.00985424,0,0,0
55000,5091,-0.00985424,0,0,0
55000,5092,-0.00985424,0,0,0
55000,5093,-0.00985424,0,0,0
55000,5094,-0.00985424,0,0,0
55000,5095,-0.00985424,0,0,0
55000,5096,-0.00985424,0,0,0
55000,5097,-0.00985424,0,0,0
55000,5098,-0.00985424,0,0,0
55000,5099,-0.00985424,0,0,0
55000,5100,-0.0108577,0,0,0
55000,5101,-0.0108577,0,0,0
55000,5102,-0.0108577,0,0,0
55000,5103,-0.0108577,0,0,0
55000,5104,-0.0108577,0,0,0
55000,5105,-0.0108577,0,0,0
55000,5106,-0.0108577,0,0,0
55000,5107,-0.0108577,0,0,0
55000,5108,-0.0108577,0,0,0
55000,5109,-0.0108577,0,0,0
55000,5110,-0.0118612,0,0,0
55000,5111,-0.0118612,0,0,0
55000,5112,-0.0118612,0,0,0
55000,5113,-0.0118612,0,0,0
55000,5114,-0.0118612,0,0,0
55000,5115,-0.0118612,0,0,0
55000,5116,-0.0118612,0,0,0
55000,5117,-0.0118612,0,0,0
55000,5118,-0.0118612,0,0,0
55000,5119,-0.0118612,0,0,0
55000,5120,-0.0128648,0,0,0
55000,5121,-0.0128648,0,0,0
55000,5122,-0.0128648,0,0,0
55000,5123,-0.0128648,0,0,0
55000,5124,-0.0128648,0,0,0
55000,5125,-0.0128648,0,0,0
55000,5126,-0.0128648,0,0,0
55000,5127,-0.0128648,0,0,0
55000,5128,-0.0128648,0,0,0
55000,5129,-0.0128648,0,0,0
55000,5130,-0.0138683,0,0,0
55000,5131,-0.0138683,0,0,0
55000,5132,-0.0138683,0,0,0
55000,5133,-0.0138683,0,0,0
55000,5134,-0.0138683,0,0,0
55000,5135,-0.0138683,0,0,0
55000,5136,-0.0138683,0,0,0
55000,5137,-0.0138683,0,0,0
55000,5138,-0.0138683,0,0,0
55000,5139,-0.0138683,0,0,0
55000,5140,-0.0148718,0,0,0
55000,5141,-0.0148718,0,0,0
55000,5142,-0.0148718,0,0,0
55000,5143,-0.0148718,0,0,0
55000,5144,-0.0148718,0,0,0
55000,5145,-0.0148718,0,0,0
55000,5146,-0.0148718,0,0,0
55000,5147,-0.0148718,0,0,0
55000,5148,-0.0148718,0,0,0
55000,5149,-0.0148718,0,0,0
55000,5150,-0.0158753,0,0,0
55000,5151,-0.0158753,0,0,0
55000,5152,-0.0158753,0,0,0
55000,5153,-0.0158753,0,0,0
55000,5154,-0.0158753,0,0,0
55000,5155,-0.0158753,0,0,0
55000,5156,-0.0158753,0,0,0
55000,5157,-0.0158753,0,0,0
55000,5158,-0.0158753,0,0,0
55000,5159,-0.0158753,0,0,0
55000,5160,-0.0168789,0,0,0
55000,5161,-0.0168789,0,0,0
55000,5162,-0.0168789,0,0,0
55000,5163,-0.0168789,0,0,0
55000,5164,-0.0168789,0,0,0
55000,5165,-0.0168789,0,0,0
55000,5166,-0.0168789,0,0,0
55000,5167,-0.0168789,0,0,0
55000,5168,-0.0168789,0,0,0
55000,5169,-0.0168789,0,0,0
55000,5170,-0.0178824,0,0,0
55000,5171,-0.0178824,0,0,0
55000,5172,-0.0178824,0,0,0
55000,5173,-0.0178824,0,0,0
55000,5174,-0.0178824,0,0,0
55000,5175,-0.0178824,0,0,0
55000,5176,-0.0178824,0,0,0
55000,5177,-0.0178824,0,0,0
55000,5178,-0.0178824,0,0,0
55000,5179,-0.0178824,0,0,0
55000,5180,-0.018886,0,0,0
55000,5181,-0.018886,0,0,0
55000,5182,-0.018886,0,0,0
55000,5183,-0.018886,0,0,0
55000,5184,-0.018886,0,0,0
55000,5185,-0.018886,0,0,0
55000,5186,-0.018886,0,0,0
55000,5187,-0.018886,0,0,0
55000,5188,-0.018886,0,0,0
55000,5189,-0.018886,0,0,0
55000,5190,-0.0198896,0,0,0
55000,5191,-0.0198896,0,0,0
55000,5192,-0.0198896,0,0,0
55000,5193,-0.0198896,0,0,0
55000,5194,-0.0198896,0,0,0
55000,5195,-0.0198896,0,0,0
55000,5196,-0.0198896,0,0,0
55000,5197,-0.0198896,0,0,0
55000,5198,-0.0198896,0,0,0
55000,5199,-0.0198896,0,0,0
55000,5200,-0.0208931,0,0,0
55000,5201,-0.0208931,0,0,0
55000,5202,-0.0208931,0,0,0
55000,5203,-0.0208931,0,0,0
55000,5204,-0.0208931,0,0,0
55000,5205,-0.0208931,0,0,0
55000,5206,-0.0208931,0,0,0
55000,5207,-0.0208931,0,0,0
55000,5208,-0.0208931,0,0,0
55000,5209,-0.0208931,0,0,0
55000,5210,-0.0218967,0,0,0
55000,5211,-0.0218967,0,0,0
55000,5212,-0.0218967,0,0,0
55000,5213,-0.0218967,0,0,0
55000,5214,-0.0218967,0,0,0
55000,5215,-0.0218967,0,0,0
55000,5216,-0.0218967,0,0,0
55000,5217,-0.0218967,0,0,0
55000,5218,-0.0218967,0,0,0
55000,5219,-0.0218967,0,0,0
55000,5220,-0.0229003,0,0,0
55000,5221,-0.0229003,0,0,0
55000,5222,-0.0229003,0,0,0
55000,5223,-0.0229003,0,0,0
55000,5224,-0.0229003,0,0,0
55000,5225,-0.0229003,0,0,0
55000,5226,-0.0229003,0,0,0
55000,5227,-0.0229003,0,0,0
55000,5228,-0.0229003,0,0,0
55000,5229,-0.0229003,0,0,0
55000,5230,-0.0239039,0,0,0
55000,5231,-0.0239039,0,0,0
55000,5232,-0.0239039,0,0,0
55000,5233,-0.0239039,0,0,0
55000,5234,-0.0239039,0,0,0
55000,5235,-0.0239039,0,0,0
55000,5236,-0.0239039,0,0,0
55000,5237,-0.0239039,0,0,0
55000,5238,-0.0239039,0,0,0
55000,5239,-0.0239039,0,0,0
55000,5240,-0.0249075,0,0,0
55000,5241,-0.0249075,0,0,0
55000,5242,-0.0249075,0,0,0
55000,5243,-0.0249075,0,0,0
55000,5244,-0.0249075,0,0,0
55000,5245,-0.0249075,0,0,0
55000,5246,-0.0249075,0,0,0
55000,5247,-0.0249075,0,0,0
55000,5248,-0.0249075,0,0,0
55000,5249,-0.0249075,0,0,0
55000,5250,-0.0259111,0,0,0
55000,5251,-0.0259111,0,0,0
55000,5252,-0.0259111,0,0,0
55000,5253,-0.0259111,0,0,0
55000,5254,-0.0259111,0,0,0
55000,5255,-0.0259111,0,0,0
55000,5256,-0.0259111,0,0,0
55000,5257,-0.0259111,0,0,0
55000,5258,-0.0259111,0,0,0
55000,5259,-0.0259111,0,0,0
55000,5260,-0.0269147,0,0,0
55000,5261,-0.0269147,0,0,0
55000,5262,-0.0269147,0,0,0
55000,5263,-0.0269147,0,0,0
55000,5264,-0.0269147,0,0,0
55000,5265,-0.0269147,0,0,0
55000,5266,-0.0269147,0,0,0
55000,5267,-0.0269147,0,0,0
55000,5268,-0.0269147,0,0,0
55000,5269,-0.0269147,0,0,0
55000,5270,-0.0279184,0,0,0
55000,5271,-0.0279184,0,0,0
55000,5272,-0.0279184,0,0,0
55000,5273,-0.0279184,0,0,0
55000,5274,-0.0279184,0,0,0
55000,5275,-0.0279184,0,0,0
55000,5276,-0.0279184,0,0,0
55000,5277,-0.0279184,0,0,0
55000,5278,-0.0279184,0,0,0
55000,5279,-0.0279184,0,0,0
55000,5280,-0.028922,0,0,0
55000,5281,-0.028922,0,0,0
55000,5282,-0.028922,0,0,0
55000,5283,-0.028922,0,0,0
55000,5284,-0.028922,0,0,0
55000,5285,-0.028922,0,0,0
55000,5286,-0.028922,0,0,0
55000,5287,-0.028922,0,0,0
55000,5288,-0.028922,0,0,0
55000,5289,-0.028922,0,0,0
55000,5290,-0.0299256,0,0,0
55000,5291,-0.0299256,0,0,0
55000,5292,-0.0299256,0,0,0
55000,5293,-0.0299256,0,0,0
55000,5294,-0.0299256,0,0,0
55000,5295,-0.0299256,0,0,0
55000,5296,-0.0299256,0,0,0
55000,5297,-0.0299256,0,0,0
55000,5298,-0.0299256,0,0,0
55000,5299,-0.0299256,0,0,0
55000,5300,-0.0309293,0,0,0
55000,5301,-0.0309293,0,0,0
55000,5302,-0.0309293,0,0,0
55000,5303,-0.0309293,0,0,0
55000,5304,-0.0309293,0,0,0
55000,5305,-0.0309293,0,0,0
55000,5306,-0.0309293,0,0,0
55000,5307,-0.0309293,0,0,0
55000,5308,-0.0309293,0,0,0
55000,5309,-0.0309293,0,0,0
55000,5310,-0.0319329,0,0,0
55000,5311,-0.0319329,0,0,0
55000,5312,-0.0319329,0,0,0
55000,5313,-0.0319329,0,0,0
55000,5314,-0.0319329,0,0,0
55000,5315,-0.0319329,0,0,0
55000,5316,-0.0319329,0,0,0
55000,5317,-0.0319329,0,0,0
55000,5318,-0.0319329,0,0,0
55000,5319,-0.0319329,0,0,0
55000,5320,-0.0329366,0,0,0
55000,5321,-0.0329366,0,0,0
55000,5322,-0.0329366,0,0,0
55000,5323,-0.0329366,0,0,0
55000,5324,-0.0329366,0,0,0
55000,5325,-0.0329366,0,0,0
55000,5326,-0.0329366,0,0,0
55000,5327,-0.0329366,0,0,0
55000,5328,-0.0329366,0,0,0
55000,5329,-0.0329366,0,0,0
55000,5330,-0.0339403,0,0,0
55000,5331,-0.0339403,0,0,0
55000,5332,-0.0339403,0,0,0
55000,5333,-0.0339403,0,0,0
55000,5334,-0.0339403,0,0,0
55000,5335,-0.0339403,0,0,0
55000,5336,-0.0339403,0,0,0
55000,5337,-0.0339403,0,0,0
55000,5338,-0.0339403,0,0,0
55000,5339,-0.0339403,0,0,0
55000,5340,-0.0349439,0,0,0
55000,5341,-0.0349439,0,0,0
55000,5342,-0.0349439,0,0,0
55000,5343,-0.0349439,0,0,0
55000,5344,-0.0349439,0,0,0
55000,5345,-0.0349439,0,0,0
55000,5346,-0.0349439,0,0,0
55000,5347,-0.0349439,0,0,0
55000,5348,-0.0349439,0,0,0
55000,5349,-0.0349439,0,0,0
55000,5350,-0.0359476,0,0,0
55000,5351,-0.0359476,0,0,0
55000,5352,-0.0359476,0,0,0
55000,5353,-0.0359476,0,0,0
55000,5354,-0.0359476,0,0,0
55000,5355,-0.0359476,0,0,0
55000,5356,-0.0359476,0,0,0
55000,5357,-0.0359476,0,0,0
55000,5358,-0.0359476,0,0,0
55000,5359,-0.0359476,0,0,0
55000,5360,-0.0369513,0,0,0
55000,5361,-0.0369513,0,0,0
55000,5362,-0.0369513,0,0,0
55000,5363,-0.0369513,0,0,0
55000,5364,-0.0369513,0,0,0
55000,5365,-0.0369513,0,0,0
55000,5366,-0.0369513,0,0,0
55000,5367,-0.0369513,0,0,0
55000,5368,-0.0369513,0,0,0
55000,5369,-0.0369513,0,0,0
55000,5370,-0.037955,0,0,0
55000,5371,-0.037955,0,0,0
55000,5372,-0.037955,0,0,0
55000,5373,-0.037955,0,0,0
55000,5374,-0.037955,0,0,0
55000,5375,-0.037955,0,0,0
55000,5376,-0.037955,0,0,0
55000,5377,-0.037955,0,0,0
55000,5378,-0.037955,0,0,0
55000,5379,-0.037955,0,0,0
55000,5380,-0.0389587,0,0,0
55000,5381,-0.0389587,0,0,0
55000,5382,-0.0389587,0,0,0
55000,5383,-0.0389587,0,0,0
55000,5384,-0.0389587,0,0,0
55000,5385,-0.0389587,0,0,0
55000,5386,-0.0389587,0,0,0
55000,5387,-0.0389587,0,0,0
55000,5388,-0.0389587,0,0,0
55000,5389,-0.0389587,0,0,0
55000,5390,-0.0399624,0,0,0
55000,5391,-0.0399624,0,0,0
55000,5392,-0.0399624,0,0,0
55000,5393,-0.0399624,0,0,0
55000,5394,-0.0399624,0,0,0
55000,5395,-0.0399624,0,0,0
55000,5396,-0.0399624,0,0,0
55000,5397,-0.0399624,0,0,0
55000,5398,-0.0399624,0,0,0
55000,5399,-0.0399624,0,0,0
55000,5400,-0.0409662,0,0,0
55000,5401,-0.0409662,0,0,0
55000,5402,-0.0409662,0,0,0
55000,5403,-0.0409662,0,0,0
55000,5404,-0.0409662,0,0,0
55000,5405,-0.0409662,0,0,0
55000,5406,-0.0409662,0,0,0
55000,5407,-0.0409662,0,0,0
55000,5408,-0.0409662,0,0,0
55000,5409,-0.0409662,0,0,0
55000,5410,-0.0419699,0,0,0
55000,5411,-0.0419699,0,0,0
55000,5412,-0.0419699,0,0,0
55000,5413,-0.0419699,0,0,0
55000,5414,-0.0419699,0,0,0
55000,5415,-0.0419699,0,0,0
55000,5416,-0.0419699,0,0,0
55000,5417,-0.0419699,0,0,0
55000,5418,-0.0419699,0,0,0
55000,5419,-0.0419699,0,0,0
55000,5420,-0.0429736,0,0,0
55000,5421,-0.0429736,0,0,0
55000,5422,-0.0429736,0,0,0
55000,5423,-0.0429736,0,0,0
55000,5424,-0.0429736,0,0,0
55000,5425,-0.0429736,0,0,0
55000,5426,-0.0429736,0,0,0
55000,5427,-0.0429736,0,0,0
55000,5428,-0.0429736,0,0,0
55000,5429,-0.0429736,0,0,0
55000,5430,-0.0439774,0,0,0
55000,5431,-0.0439774,0,0,0
55000,5432,-0.0439774,0,0,0
55000,5433,-0.0439774,0,0,0
55000,5434,-0.0439774,0,0,0
55000,5435,-0.0439774,0,0,0
55000,5436,-0.0439774,0,0,0
55000,5437,-0.0439774,0,0,0
55000,5438,-0.0439774,0,0,0
55000,5439,-0.0439774,0,0,0
55000,5440,-0.0449811,0,0,0
55000,5441,-0.0449811,0,0,0
55000,5442,-0.0449811,0,0,0
55000,5443,-0.0449811,0,0,0
55000,5444,-0.0449811,0,0,0
55000,5445,-0.0449811,0,0,0
55000,5446,-0.0449811,0,0,0
55000,5447,-0.0449811,0,0,0
55000,5448,-0.0449811,0,0,0
55000,5449,-0.0449811,0,0,0
55000,5450,-0.0459849,0,0,0
55000,5451,-0.0459849,0,0,0
55000,5452,-0.0459849,0,0,0
55000,5453,-0.0459849,0,0,0
55000,5454,-0.0459849,0,0,0
55000,5455,-0.0459849,0,0,0
55000,5456,-0.0459849,0,0,0
55000,5457,-0.0459849,0,0,0
55000,5458,-0.0459849,0,0,0
55000,5459,-0.0459849,0,0,0
55000,5460,-0.0469887,0,0,0
55000,5461,-0.0469887,0,0,0
55000,5462,-0.0469887,0,0,0
55000,5463,-0.0469887,0,0,0
55000,5464,-0.0469887,0,0,0
55000,5465,-0.0469887,0,0,0
55000,5466,-0.0469887,0,0,0
55000,5467,-0.0469887,0,0,0
55000,5468,-0.0469887,0,0,0
55000,5469,-0.0469887,0,0,0
55000,5470,-0.0479924,0,0,0
55000,5471,-0.0479924,0,0,0
55000,5472,-0.0479924,0,0,0
55000,5473,-0.0479924,0,0,0
55000,5474,-0.0479924,0,0,0
55000,5475,-0.0479924,0,0,0
55000,5476,-0.0479924,0,0,0
55000,5477,-0.0479924,0,0,0
55000,5478,-0.0479924,0,0,0
55000,5479,-0.0479924,0,0,0
55000,5480,-0.0489962,0,0,0
55000,5481,-0.0489962,0,0,0
55000,5482,-0.0489962,0,0,0
55000,5483,-0.0489962,0,0,0
55000,5484,-0.0489962,0,0,0
55000,5485,-0.0489962,0,0,0
55000,5486,-0.0489962,0,0,0
55000,5487,-0.0489962,0,0,0
55000,5488,-0.0489962,0,0,0
55000,5489,-0.0489962,0,0,0
